21680713
19451267
25970784
27135603
26186728
22363791
22403301
28338009
25436971
23717538
27144523
28128295
25888394
24286029
24960069
19654328
21295084
10811835
10725339
21845024
21896202
12793901
20977782
26763441
22792074
27109047
20526328
27489114
26700459
24391497
28212564
26678046
19142223
20808826
9199170
22118466
28176834
20032497
26188084
18545641
20631154
7538916
18373870
19275766
22069553
17726518
16254078
22662208
26388957
22164301
22581777
28054986
21949655
27626412
24349009
21189951
19440051
20179161
18541028
18825269
21062517
18154660
16826513
21595920
19255644
28457889
22069485
24587385
24498420
26822058
21478866
23650557
25713299
23733784
27026929
27075683
26259872
25659151
26666268
24943846
24466240
23799914
23770684
25996149
26775664
27824145
19934254
21957439
24359973
28507518
27805058
19767412
15793576
10682496
21624163
19224762
22084607
18354194
21655214
28056086
25920452
27542279
16951355
19917778
24877091
28420882
26431330
26259872
22442688
12556241
21148148
18430226
21858082
20035625
16397295
17620406
18828880
12427871
12021315
21826244
18281698
17175537
17178910
26352593
17693435
12509223
18559666
21311754
16282588
20222950
19668516
20370918
21695141
11956229
17913746
19116655
21829704
21814311
19602287
19095693
21288883
12235127
21738726
20565848
21858081
20972224
18003659
21737422
20429888
18660514
21486470
17158164
19503796
21931826
21072212
21455491
27621415
21483830
21345196
18463134
14530380
15138291
16091628
20505756
20637895
21483817
21629692
19542202
20361178
20660480
21849478
15983061
19001122
17626041
20729554
14557248
21357749
20686688
18312651
17040897
11085749
19919681
19426560
19930715
21858214
11402068
21695085
20406461
21080941
18989459
27782195
21252297
17437629
20385601
18796617
17868464
15939795
12021313
21876773
12163469
12904255
19145258
21368882
17931718
20958966
18560563
21711548
17785517
18320024
19843605
14691142
21760980
21152186
15289498
14757752
21235772
20543986
21349159
21221177
20980406
20711462
19139264
17698606
22139533
16087734
16880255
19943940
20819937
21951318
21350583
15862129
18936234
19443441
21548981
2476804
21828071
21750715
21858095
20207734
21912660
21915281
16330715
20860841
21733846
15883197
21622572
15795318
16201016
17244359
18332182
21795712
18931684
19646263
17893247
18776931
20442859
19153141
11149924
17283181
24501689
22087308
21278917
20011528
20098713
22022399
16717130
15611341
18159247
14557253
16043512
20650008
19307596
18650365
21596782
26159175
17868456
15851487
20067962
18056410
19465385
19933999
21814512
15381688
24068928
17341466
18820298
19797056
14610044
19934020
19221586
20805562
21799911
17452529
18393939
17541467
21912642
21494322
21541365
21625473
18411307
20840765
11756481
21799674
15210733
20813759
21481226
21526180
16464248
21602932
21234331
22028694
15175101
19243219
21082023
20454457
21720547
21731773
21220509
11413189
19648646
18665217
19402754
12817988
22028908
21829689
20190815
20700484
20844584
16729045
18713470
15150279
17520061
21789216
19188427
19940036
15659580
20830310
20529849
15479739
20509860
22046235
17325205
18414489
16009715
19166614
15123627
2991279
9472042
22247544
16596166
11739411
20509869
15035668
19948477
17127621
20419088
18710930
17145964
19422693
19338389
21619587
21357692
21383983
22028770
19238206
8026468
16260499
19888469
21760921
18283114
15159419
21776391
20937695
21829571
21966426
21383973
25870599
19349578
20805060
20300427
21818401
21518456
18211700
11897012
26366178
19636436
21562756
20078863
17426132
20200161
19906723
21203561
19384426
19515240
20838853
16864653
20472934
19274086
19925682
17069461
17640370
19730699
16275761
21102426
19543380
20974850
11331308
12119363
16500893
21486751
20529383
19429690
20825659
12093789
17913748
21695240
20169197
16174846
10100623
10473558
10910043
11385580
12651161
12927775
14573733
15163624
15219839
15569269
15580320
15695410
15824103
16764648
16945957
1706616
17096862
17168764
18334972
20380117
20459731
21151655
21188139
21415234
21496232
21937421
21974810
22193701
24176112
24958351
4289389
4322712
4330891
4360430
7541030
7929212
8665853
9030721
20413507
1406973
17027512
18466630
21629666
21124760
20574531
21725060
10572074
10769198
10838081
11297558
14657031
15517393
15642728
16339512
17062569
17070842
17369261
18829532
20504369
20808308
25646088
21624123
17550303
19040731
10520995
12207323
14960279
15883193
18974829
23707428
7647976
15068800
17694571
9625584
22110740
10485450
11259577
11481447
11948177
12167717
12426574
14563852
15005707
15487983
15741237
16253240
16254601
16519508
16682003
16738331
16979770
17244649
17473071
17591783
18253931
19190773
20705915
21666749
21734298
21871867
25114176
25263220
25392450
25481044
27530555
27732843
7566346
8631299
9405441
9727490
9804779
17276402
15489233
17242066
10570149
10866201
11447225
12468645
12897801
1374246
14668441
15134578
15192708
15199114
15350216
15683240
15845385
15882975
15972819
17561251
17962458
18025083
18559453
18824583
18824585
19026666
20041275
22306580
23142606
26234763
26519425
26861754
27516832
7525268
7796400
8663540
9000051
9632639
9840812
21653826
17140440
14625303
15550623
16797590
17055431
18268100
20499338
24149845
19917773
10037717
10751599
11270871
11724772
11754336
11910029
1387789
15284088
15358595
15471950
15592455
15946941
15951156
16094384
16227591
16373698
16895971
17086203
17360704
17504941
17579062
17715138
17889651
18431400
18803695
18997010
19144831
1939282
19641624
20373869
20430952
20519495
20844013
20862263
21664576
21664577
21802063
21842183
22189105
22326621
22658984
26712563
7543024
7642520
7961936
8383682
8440735
8626439
8756661
8812493
9362500
9677427
17470272
25077178
28234898
10716450
10804184
10871633
11077116
11341787
11779503
14761976
15047712
15341520
15860457
15881652
15988017
16153702
16846370
17013611
17068183
17359934
17506876
17567999
17580084
18212089
19162185
1924293
19329776
19419239
19829295
20027230
20505821
20526341
20549704
20872845
21245162
21816365
22178155
22215994
22402664
22461896
24438557
25267505
26865052
27001520
27471035
8875991
9670020
11964389
16129888
21379580
25122754
9808458
10075741
10593898
10721994
10823818
10893415
11756412
11983694
12124177
12149249
12447691
12506116
12530964
12730199
12815074
1309762
14521054
15337760
15355962
15474478
15509643
15688034
15798220
15824097
15829515
15964821
15964852
16093323
16179913
16445666
16738328
16912036
17003037
1717476
17643372
17894886
18043734
18175313
18408217
18547424
18827902
19064701
19087274
19107418
19443651
19505958
20542007
2115882
23311891
23432814
24244675
25205354
25478892
26598605
7505275
7670478
7805884
8845374
9467953
9733769
10023777
10069453
10425175
10669745
10842181
10851026
11201747
11452083
11481243
11553796
11707068
11756651
11948691
12110582
12165561
12411504
12411505
12427746
12524442
12559132
12811586
12959929
12973357
1325670
1333190
14463577
14506284
14557433
14703513
15175334
15225354
15240592
15381073
15519241
15550385
15557752
15747065
15761026
15777207
15805466
15982636
16000575
16096272
16285729
16623775
16882714
16895582
16978236
17047023
17287340
17304555
17526488
17584128
17606906
17651732
17922924
18037887
18088087
18178619
18317453
18469858
18773073
19037247
19239680
19424417
19430534
19995915
20028775
20381867
20521079
20731857
20817722
21355848
21979949
22163034
22168911
23063653
23251028
23531496
23624860
23658827
27448149
6950381
7797535
8062389
8082781
8119965
8343952
8386612
8397094
8557170
8647880
8732687
8770894
8806106
898671
9121492
9330863
9419371
9488439
9620771
9748248
9799234
10205168
10413585
10604467
10830966
10952728
11607830
11897663
11937320
11971957
12062056
12150915
12172553
12654918
12801936
15190204
15190211
15269244
15674326
16024605
16629900
17027227
17121855
17284587
17437848
17486601
17965729
17997827
18220336
18270262
18326489
19936192
20097924
21164013
21164014
21513566
21880153
22105173
23451136
25080938
26563484
7973707
8522173
8642271
9164944
10652206
10812968
10823820
10859164
11010960
11252893
11279134
11684012
11695992
11774284
11875057
12435631
12446774
12531430
12588868
12628002
12676925
12716910
12716934
12721296
12884299
14529530
14681223
14988723
15099518
15107421
15194051
15273303
15288808
15525639
15533933
15561106
15650047
15707391
15737995
15843174
15870257
15944936
15951569
15956679
16360410
16565220
16762923
16874027
17101794
1710578
1722333
17245125
17521451
17953676
18035414
18675456
19130557
19339212
19604390
19622166
19734451
20123963
20976220
21266077
22084594
22298955
23049754
25611393
25955014
26692002
27489358
27535013
7524088
8180210
9390561
9685625
9722565
9832121
10368288
17188240
10652308
15310754
23841055
23940353
24096322
9476900
9649435
9653114
9707577
10026136
10604470
10681634
11250653
11316783
11322507
11788658
12023960
12379487
1280419
12810533
1313946
1370451
15126567
15485880
16710051
1719979
18166152
18820679
18931679
21402738
26301565
4065330
7543116
7689487
8503909
8781553
9632694
9709957
10026262
11073976
11123271
11431423
11441147
11447223
11532940
11566266
11641791
11969368
12406875
12444543
12529425
12738229
1371271
1423597
14517297
14750904
15304223
16270640
16288292
16317100
16336962
16488482
16675717
16857194
16874032
17047312
17115977
17890907
17977839
17994337
18094723
18191041
19330005
19893054
20660561
20716941
21122106
21188115
21609465
22306998
23982883
25733683
7669817
7780967
7896811
8383238
8777713
9346290
9427249
9578462
10072481
11604500
12021305
12114024
12228231
15007061
15838516
15944396
16540465
16638743
16849545
16870612
17224452
17328821
17892531
17910069
18249094
18326500
18430726
18644792
18802022
19223761
19332490
19413330
19690332
20194530
20488539
21422497
22210847
22355267
22446186
22592407
23034388
23395841
23686296
24464579
24657276
25258489
9861036
10089880
10212832
10473346
10562325
10934472
11004490
11157767
12011113
15177042
15917419
16138009
16412704
16498502
16990656
18418349
1850549
18559670
21286310
8196638
9880084
14556005
15271995
15755722
16286920
17011764
17997862
17156449
10037793
7489498
20660628
10229797
10640743
10976885
11257177
11387210
11884399
11994746
12482975
12700233
12871269
12962546
14504289
15035987
15265917
15272021
15292049
15367576
15964792
16618119
16846592
17331073
17389395
17493932
17727979
17878313
17996728
18290856
18296446
18431504
20011512
20078881
20233427
20465828
20929541
21469132
21592353
21764741
21867543
22276149
24633051
25153719
25597447
27793050
3770210
8662891
9528785
9722576
21203512
11137016
11742004
12050670
12167704
12527209
15522237
18502762
22000855
17261844
15450949
15994936
10912521
11751371
15350139
2479552
9278512
15187158
20640864
21599982
10428798
11598268
12615973
12788921
12912907
1332886
15247232
15699036
15964826
15976317
16083285
16097034
16384562
16384922
16754687
16964243
17081991
1730670
17434750
17924679
18187866
18337469
19007248
20028534
20101225
8308015
9115214
9125522
9530155
9851594
9891036
20385586
12034449
12793897
17306374
17444618
18287102
21437074
7589461
8138058
8404634
8405712
8723643
10964922
11780126
11847100
11997497
15922744
16729035
17400545
18307815
18925875
20954073
22394562
24128008
14744991
21573156
21822308
10433824
10614670
11160957
11278839
11942626
12068298
12107172
12658801
12684516
12724779
12783625
12904166
14611647
15073170
15128440
15128824
15492506
15647361
15927964
16061793
16155214
16354764
16407192
16407239
16415873
16452474
16459298
16973841
17482135
17878410
18305481
18434311
19018007
19371734
19533801
19622347
19684112
20157519
20360384
20956384
22666390
23140627
23922697
25856340
27802276
28094776
7958915
8943214
8972223
9846482
19187526
21765940
21772273
22318606
22069710
221484
5022429
5545092
7462325
8194524
8367482
20661443
22069469
10217147
10484778
10518537
10617621
10849446
10866658
10878576
11719518
11896587
11971971
12207013
12456653
12514133
12586839
12633850
12745438
12794076
14560963
14656435
14667408
14993219
15132737
15208671
15294294
15302858
17397142
17785444
17880711
18974095
20456499
20668695
21390254
24070496
3112145
8139570
9271440
20824083
21079765
20824203
10191262
10880459
12783598
12913114
15037762
16916647
17020950
17376030
18194652
18771725
6448849
9414276
11390454
16116452
16280981
16356853
16356856
16505166
16723543
16971168
17141153
17768662
19000841
20004982
20685844
22773843
10757782
10951195
11297579
11463336
12627230
15207528
1526987
15302935
15308688
15324302
15525596
15548653
15809340
16284622
16764984
16943190
17696608
18985070
19037964
20117945
20559434
21682876
23150874
16293250
16449649
11076968
21076410
10725696
11029007
11113114
11160897
11181841
11897506
12205098
12714590
12775774
15073173
15084453
15123722
15143065
15459103
15485916
15876876
15993038
16103078
16172602
16762977
17003105
18385497
18627462
19074486
19506079
20138985
20691405
20861316
20937701
21518446
22302937
22653731
22832074
23256519
23270877
23645155
2387894
8168850
8702940
9312068
9565682
9832145
11751923
11980846
14967450
15050920
15108802
15854913
15980064
16934469
16985262
18252715
18280230
18391971
23100465
7675449
9069290
9384584
10318861
10523831
12734187
15320955
16251354
7896829
9199344
9710204
11723116
12242345
12967652
14872059
14988408
15314020
16024782
16371504
21533244
8622870
9139719
10934226
1531339
16697175
8265614
12829596
15623525
16030146
16407123
17108107
8700538
8974401
18498667
10201374
11165042
11737890
12128206
12642498
12824889
15140260
15256437
15676205
16038803
16427602
16785234
17219406
19307728
19755491
19917720
20723236
21743455
22951645
9430688
9528794
14662754
19789215
21479189
10668804
10839544
10958798
12400005
12756254
14551213
15567420
15972258
17301692
17880733
19293402
21785724
8248197
9124279
17895974
18955551
24349440
21306301
16469311
18545666
21824916
21693010
17997173
17664339
16191192
23043228
26663086
20421209
18492722
19234302
23441177
20723213
20937087
15248897
18627596
14710234
20817677
20034391
21619605
21931755
16267404
16457687
20811644
21347341
21884581
20140191
18495663
14534538
14600148
15084475
16212419
23326330
11574155
12714592
16500002
17290307
20420426
21679465
10801407
10831586
11409876
12045093
12111733
1480033
14966521
14976552
15254178
15469940
15489221
15623572
15953410
16195327
18662546
19551141
2169257
24981863
25007071
7981201
8015608
8194591
9920881
17567906
16139958
20119530
21264250
10471746
10628747
11110801
12056836
12601080
12956774
14576165
15572662
16126727
1689310
1708307
18313378
18398104
18615188
18787837
19243593
19363302
20740684
9171245
9642256
16968945
18772377
19563754
25699256
10210201
10364220
10480933
11369260
11481331
11554766
12839624
12975345
14585963
14732096
15253765
15681655
15701641
15866171
16109882
16357527
16429482
17035528
17117926
17363312
17909537
17967874
18024423
18215320
18365018
18519672
19574298
20354154
20563314
21205866
21316585
21693646
22101459
7803401
7959692
8626595
9521323
9607332
21949677
10781066
11265251
11828008
12690110
14567915
15185339
15358570
15471878
15951445
16855632
17129668
17317207
20976254
21691575
22628558
26485759
7530336
9192684
9404889
9476896
12531901
12738781
12791703
15531580
16848763
19197159
19289499
21625555
26390252
10570155
14504278
17644383
19519756
19735729
20067632
23724129
27561705
28157699
15578921
26146939
10187842
10470034
10490848
10500146
10586060
10722671
10805738
10818093
11017109
11069887
11078729
11872628
11969422
12058028
12147712
12242309
12384981
12714602
12921535
1382070
14592977
14701797
14973144
15094036
15128871
15219854
15450249
15466863
15520018
15542423
15579503
15652488
1567413
15823533
15827085
15846349
15852005
15959518
16076871
16153597
16156666
16357133
16543952
16713561
16728640
16862174
1707285
1730638
17360533
17436251
17525797
17652513
17765682
17897103
18033240
18039658
18165312
18285455
18318008
18339622
18438403
18840094
19218245
19262752
19367720
20027618
20038797
20431062
20626350
2176865
22569073
26918958
6087160
8058322
8185599
8272873
9045631
9108011
9380693
9716487
9724629
9988769
15082510
17311105
27542266
10461880
11964399
12719537
1317848
16097949
16847439
20385750
6373251
6589611
7592910
7592911
11895857
14517250
15031292
15125835
16123311
16407259
16537381
17488717
18515281
18547165
18922798
22084245
7520867
8626435
9857051
10080186
10887099
11058569
11390389
13828999
13852753
15102829
15735648
15735649
1661585
17601773
17644518
20346739
22080951
22369944
22810896
23124025
24610782
11867762
12748192
15471852
17623672
18063480
18625707
18650425
18652815
19934326
20554524
9122166
9230306
18981049
11498544
11564877
12006576
15215251
17005264
17188028
17218258
17319958
18202317
21900752
24782567
25218447
8892604
9325253
11018042
11171090
11340065
14757045
15657177
15988003
18650551
18940270
22662218
9169414
10085115
10779545
10973943
11096081
11859076
12432072
12620228
12832489
14560035
14970211
15361343
1547771
15514163
1551424
15822905
15983194
16551624
16651405
16684349
17210683
17611284
17693641
17726016
17785817
17848578
18053794
18268101
18443292
18477453
18978352
19607706
20006706
20213743
20233713
20516213
21257310
21531210
21727193
2226863
22307522
22467855
23719536
23867465
24516540
7499230
8622692
9109675
9346285
989211
10196183
10373510
10477615
10564271
10698200
11139613
11156376
11163209
11172728
11231586
11259409
12414809
12468274
1321151
1331173
14508490
14555644
14563319
14688794
15210709
15299016
15637081
15657420
15852007
15860730
16000370
16401880
16872596
16982696
17125505
17253776
17711846
18039968
18268283
18396350
18443287
18507016
18532927
18559500
18678649
18692471
19280057
19420109
19603039
19628676
19805045
19857555
20030805
20419132
20534517
20607844
20940307
20980392
22155408
22547065
22584579
22694141
22981989
23613522
23890999
24582806
24739148
25083866
25086253
25341920
25352115
26852738
26969162
27488872
2848118
7218734
7589426
8474564
8824274
9073168
11988739
12163411
15294866
16005293
16169192
17428831
17458864
18404694
19493659
19767773
22190459
22617422
17942419
10411507
10593924
10617594
10673366
10924499
10995764
11081627
11158588
11371342
11815627
12070128
14739300
15525677
16258728
16365460
16411781
18233962
19502598
19528295
20647304
21177870
21690308
2171679
25822502
8617364
8663255
8910476
9687532
17767918
18336669
10066790
10098881
10734310
10974554
11025438
11074002
11278906
11292821
11533249
11751967
11853546
11997522
12101241
12442288
12529404
12531896
12663462
12691662
12750368
12804776
13129934
14699082
14749395
14761954
15128734
1516134
15491992
15590641
15632203
15635659
15694666
15851482
15870194
16371476
16407260
16484222
16484498
16817901
16867995
17079454
17213202
17567809
17620417
17639074
17658943
17699554
17855660
17875724
18042286
18042622
18347059
18347072
18626018
18691386
18695000
18776186
18948619
19020623
19158487
19250907
19276113
19520843
19571673
19652227
19918835
19945390
20107112
20435888
20497537
20606012
21173571
21297979
21394831
21659604
22153608
22854598
23150559
23151663
23228564
24270878
27453046
7479834
7698360
7875320
8830776
8849694
9228946
9331217
9335504
9710583
9868371
10322434
10673337
11684694
11764091
12198493
12506122
12540842
12763138
12808093
14695375
14718546
15082708
15287745
15466476
15538382
15546921
15793569
16009338
16443603
16531412
16923168
16935932
17382906
18356527
18358825
18826956
19125156
19393627
19451179
19646959
20450893
20980437
21698228
21738479
21795390
23144463
26729153
7701321
7873542
7912577
7936666
8384717
9326598
9374525
10706702
11741292
11790301
11965542
15246846
15308621
15722453
15915719
15985432
16317717
16602700
17038311
17202135
17638878
17959602
18165232
18316399
19144824
20106982
20332213
20477901
20623181
20670887
21169560
21499261
22223095
23209807
24833601
27822510
7513258
8314870
8662759
8992971
9482736
10217420
10536878
10579919
11432829
11693189
12015328
12540854
12679384
14615490
15239671
15316020
15358098
15684382
16126371
16251211
16282370
1668266
16952195
17651736
18239138
18454177
1848554
1851160
1860884
18838864
19324876
20234815
20841568
23433123
23846654
23945560
24831942
2558510
2846041
3017438
6090944
6269175
6270633
7565807
9232641
10195894
10779355
10823959
11060282
11171333
11719519
11861489
11946536
11964406
12432063
12463754
1426053
1433982
14759252
15071500
15128749
15208308
15340086
15464082
15567147
16272354
16413292
16417653
16557594
16626738
16764968
16773578
1703543
17045208
17145755
1720305
17438553
17537995
17588513
18246121
18381449
18434317
18819912
19200070
19481520
19706679
19723763
19734889
20026641
20051645
20090422
20126261
20351173
20516069
2065974
21147198
21179456
22635276
22946057
23701443
2420006
2492519
2507541
26479710
27406820
2826231
7559467
803282
8124808
8144028
8890751
9207787
9207788
9251239
9440812
9443892
9565333
9601098
9361309
18335034
12804574
19118012
21397842
10601261
14699088
18852295
19617375
10334992
10334993
11121119
11278261
11387316
11459787
11709191
11779860
11956142
11994401
12242269
12732141
15096211
15671106
1592877
16520553
16541101
16641196
16738315
16782012
16908160
17188549
18266962
18522731
18768470
19059208
19208131
19966300
20559380
20713526
20925113
21199872
21686327
22328055
23971743
24422557
7678220
7679388
8033815
8227021
8386367
8543035
8586434
9104825
10381885
11137996
11318953
12024206
12054613
12427552
15772293
17624596
24764293
9242610
10499587
10597252
10882136
11149923
11802165
11956313
12558975
15306183
15475369
16407284
16567968
16737840
17047157
17064312
1717999
17237796
17339654
17367910
17442946
19008531
21157483
2833496
6619141
7867073
9880564
10023669
10230405
10880969
12237306
12911626
15140763
15184896
15501536
17215104
17290391
17901130
18794154
19880523
21071408
21130744
21856198
22334668
22975685
23603119
26018760
26443379
6286681
11163236
11239160
12433842
15458438
15749160
16717095
17109071
17208301
17712417
17724330
18374420
19719327
21130715
23637185
10366587
12368905
19690080
23593394
23836889
10068650
10917896
11145581
11513608
15146390
15897894
16230352
17332306
17452338
17942747
17978583
19298655
19638591
8530480
10207038
14976213
11018049
16702231
15133303
16254248
10498338
10825291
10860980
10862694
10982397
11157988
12573241
13679921
14528312
15071497
1508200
15254021
15557123
15652495
15899827
16364918
16406549
16482944
16829981
17276981
17310067
17314405
17994020
18268517
18331591
18454201
18779389
19352436
20524213
20815920
21224062
22891299
23096115
23434853
26713269
2866798
3346227
7678924
9345306
9379936
9419215
9425165
9467954
9607765
9763615
10433269
10880574
11024015
11208115
12522139
14559895
16294336
16503654
17660514
19300512
22751016
8702701
25375657
11384979
15723050
16729057
19997641
21426557
9525940
11544254
15381732
15477661
15545630
1846368
20350312
7641687
10190891
1607388
16820280
18455988
18587645
2738071
3130248
3134048
9560294
20927395
17940089
23439251
8580378
19197368
21189249
10899625
11502696
11518510
11572855
12702806
15210743
15383545
21777475
2266130
25089799
6807977
8344274
11586295
11904416
12039864
12097317
12499250
15178549
15455346
15778503
16451733
16485034
16914094
18535259
19216789
19627570
19808663
20145147
26257066
3052293
7761852
7823948
7925301
7929452
8072530
8106369
8145827
8252616
8261515
8484121
8649859
9354786
9560253
18326494
15078899
10050855
10422787
11371032
11841368
11988737
12767074
12826052
12938237
1314587
15019948
15294024
15313914
16710719
16721823
16731529
17072339
18184961
18198216
18559595
18612045
19110719
23900540
3366244
8063797
9111052
9313952
10322410
10982769
11157743
12773629
12958364
15131269
15185335
1534149
15485925
1549576
15635449
15670748
16516836
17456551
19063602
19471587
19480695
19853559
24680432
24847863
27355191
7822302
8553074
8837779
971416
9756909
9990065
20559570
20700488
10845107
1730287
10072375
12145291
14729973
15221372
15774718
16027118
17224055
18346044
26551880
9102067
18654640
16356927
19545378
11062067
11962738
15182668
7797512
26019213
20145246
10529898
11330046
15817151
16476485
16503871
16917513
18288277
1939237
24713062
8386511
20049504
24816971
10678165
10811834
11134074
11279024
11943559
12051714
12519758
12551931
15060155
15310758
15608670
15640157
15653075
15695176
15947423
16093349
16571352
17277102
17525755
17596512
19920129
20068082
2462607
25542846
26390218
3052276
3537192
7536307
7960961
9374542
19622405
8568232
1334487
15870016
7294965
10637230
12972619
15197179
16206170
16609025
18496526
18793415
19332537
23682635
7588633
7816602
8250835
10583376
15139292
18285803
10567369
11380615
12183364
12839928
12926989
1322269
15803139
16061697
16269612
17060321
19121998
19666503
26728921
27339427
8039496
9166761
17979832
20798884
25596646
10671552
10839545
10969818
11030334
12011466
12015605
12232790
12975316
14519192
15062104
15546863
15634677
15731310
16606702
16880514
16920709
17283055
18235088
18311911
18353649
18782757
18929502
19851316
20725733
21075040
25753038
2664828
6967872
8183939
9516463
9841917
9856983
9889149
14644048
16436377
17409411
18568953
23888040
25701194
7685021
10862746
15169958
16144913
16319926
16495441
1655749
17433286
18495817
19308066
20940229
23140633
9276730
15528335
21151871
17439940
16604156
11015446
21731748
22761831
20698987
18445271
11076974
11093753
15856019
16495444
17043138
27765920
20668527
21771783
21153858
22039483
19829694
9482106
11874988
27776350
20525124
20885938
21887094
14517278
21247458
16723384
15797858
16682182
27449087
21935400
10727406
10764623
12963828
15328343
16000309
16046400
17276500
19265851
19324878
8241097
8702571
9003778
9665271
11132762
16879101
16008839
19198648
15220522
17355181
16288216
11331591
11358498
11751416
12147700
12573436
15217824
15318349
16107342
21707964
9036972
10559940
11290324
25003198
9783587
21912564
15596522
11747808
12149255
15004527
17393415
18052967
18308612
18805789
19015242
19586055
15028780
9451438
21258403
9237690
11116148
12062105
15479784
15526160
16926151
17050534
17344430
18498747
18695040
22518003
9200707
9256427
9724657
23284846
26509276
19122196
19479062
20302654
21628395
19132086
22398721
16314306
10096242
10753747
12502743
18056683
18343818
18640974
18694732
20418918
20889716
8702752
9512493
14737100
15731393
18476723
7514177
8101647
10993915
24515438
20849592
21423754
24081491
24098154
24296749
16479154
16996643
15276080
20040934
20419129
15485912
25825518
21515675
9584153
22039363
15254777
19619280
17785528
15258309
18549479
19898691
19881969
19955664
16361535
21371080
15229102
19776357
14993220
21533216
17375189
20226668
17130289
15294972
16691243
12377790
12789342
16738552
17537801
17659773
18212062
18502908
21637379
9425276
9858771
21358819
17459170
20170512
15280376
18613964
15507762
12208881
20054405
19864305
19495792
20652059
21985334
21188109
19641607
19707392
10852915
16190980
15694367
21139838
21321790
15242771
15318926
20937704
21389083
21272329
11597319
23095119
21477377
11311135
19056906
11815634
19936768
15932882
19272160
16893896
21496227
15754027
16507994
12769773
21829709
16553965
20809525
16434969
21713073
21478181
9135156
18430067
15044364
15661843
15704182
15881673
15604273
20657842
20860666
15133028
16109429
16403426
21468301
18989363
17897942
9120401
2450059
24971461
20592913
21072203
20333249
15331416
18004277
16481476
20467038
20492647
11101534
15294938
15869050
21697995
20576134
15662016
20639519
18253094
21079788
19427038
15546618
10837055
15247294
17443672
21949582
21878644
9699642
15500125
20029651
15300220
1655761
10715128
15574878
15629146
15760269
21489257
1357849
21247883
16268478
16503988
21203384
9616112
15817476
20444275
15196883
17383658
20102335
15602003
17192257
20383171
15187129
11312384
12459441
26768768
15827353
16140617
16820142
20203425
16848908
15330856
16373173
9053448
15256479
16423042
17172599
18959789
19602265
15280393
15345693
16698797
12810850
15729177
15740616
10599745
15473966
17069766
21853110
15642732
20448820
16322295
17213196
16951143
19151743
10707956
15284248
15378033
16376933
19140804
15203006
17495530
20467216
11278647
16447766
17635519
1688559
21368875
21486497
15500294
19020659
17119452
21364676
21814463
12054648
18295596
16685460
15868116
11493434
17623664
19287211
15800011
22114589
22028792
15143058
17919884
21031055
18347094
15870436
20806079
17714596
1381360
9209374
15509807
15882455
19563658
19707356
15907786
15781451
12439643
21931678
16019382
28244869
12522270
16543228
9171346
16473633
27812135
16129695
15300806
17426814
18939993
11121440
18652674
10791976
18045866
22266654
24836440
15288003
16107333
21660237
11842112
16636202
15883038
22033745
15375171
15389641
20454656
15473372
16160006
22034110
19172193
19309525
25693418
15474514
18655705
1331047
20441604
14704635
15289619
15780749
16647304
15173188
21548950
15358100
7688993
25093993
16322321
20624898
8195185
10219239
19284577
15247477
19114000
10023678
21188173
22007296
15575979
18794898
15468147
20068139
15795284
15456867
20100735
18174732
17598910
15217502
28396670
19134178
21976825
11580864
15072997
21447565
27149934
17486119
20064388
21749700
11323436
15449898
15613462
17293346
9852157
17000758
15270850
10026185
20375009
16189200
15905209
17854498
15702493
20416058
16479002
10781595
15388847
16623959
15838263
1956339
24204270
15694380
17143291
17623096
15798189
15292203
16567417
7742552
17255092
20576167
15232164
19912235
12709442
15469994
16476732
16846534
18925950
18567858
21188218
22658935
15123776
20161815
21205667
17581634
15356200
16416259
15010370
21037856
17925877
15623512
20506312
20953353
21747792
17134719
15105428
15665120
15258915
21364927
15123705
15349907
18245484
9974409
15802092
12466191
21668989
21747918
11238453
16227169
17272273
19370178
12138091
8463333
21541224
12119038
21481270
21364631
21699726
20396665
18387953
21713084
15493875
17567680
21298036
7717979
15535846
16114057
15536164
15220332
8710869
18003605
19196479
19416162
15626723
15033918
15126321
19506906
15345044
17672916
16314428
21318406
11374071
24535827
15272025
17657744
18164267
15231644
15530857
21151926
19332431
17503775
15591116
15007060
18828908
15242350
22394684
24156302
27383632
21447195
11740940
19464428
9553764
18025306
10512728
15646061
16703666
19133120
21303533
8768786
16153605
24858828
16679289
18704158
21092186
24127217
28062857
17893201
11741747
15568026
16109768
11113197
18222170
17331979
18586824
17374166
18488876
22033678
12668644
16237005
16895524
10974036
16288046
22011079
15714472
17846171
21625522
20634877
15498484
16003740
18498652
20542996
18443222
18976501
19057969
15860546
9422744
15271983
19956647
17001307
18691976
17576449
18025107
16636149
15940626
18211007
15611085
20937105
17727694
19617314
15459288
10988289
15804605
16940051
15520016
16949366
15979093
17010949
16772034
16202709
10572088
10582086
11466363
16285702
17845852
18048416
18066086
18769153
25533187
25545505
9751209
12475216
17698840
12011097
12171920
12242085
12421602
12446767
12501214
16043647
17337079
18794113
18974096
20363734
22617334
23953109
26188358
8611507
16844694
15314025
16302845
18985155
15886118
15219743
16780590
10187787
19757063
18263876
16687519
21983142
16267105
14617774
14573534
9315665
14993928
1896033
24391778
19951459
17900349
19290936
19284572
11861651
22039443
19786574
15743480
19074825
15760679
18571443
17430597
17052208
20338068
10924145
15044215
17875215
19336475
17158158
17101802
9694717
16507987
18598350
17907811
20003316
15292236
15236354
12742231
18480182
15804611
17666591
8181462
15562398
17565378
20067595
9405651
15120066
15933719
16389068
16338176
17135187
15231737
11672594
20567515
15240885
16406575
15735741
21708126
20108543
15905540
16033640
16894550
20430886
16095866
12482958
15270408
15469690
10942775
12030846
14654368
17535851
20471956
23291182
15322091
15615785
21924267
15205474
19751508
17301291
17483329
15524405
15629897
16879162
23471002
18784923
18317514
19345100
19720827
15194809
18954444
17986448
21464226
21589832
17634955
21048849
10319868
10821852
16459330
19015314
15586017
9927421
15854776
15655364
20412577
15671018
19377303
10433356
10603348
12974481
15166224
15289456
18234118
19103606
19673492
21126370
21369489
16166641
9677303
11226328
16197547
19835636
16906149
21248773
27905398
19454287
10202145
10656795
10673500
10706102
11030628
1105653
11175334
11244509
11258706
11397945
11423984
11495913
11526498
11583595
11707453
11850826
11861384
12091386
12384533
12676607
12861053
12902982
12955074
12969974
14517211
14527925
14612532
14665630
15064747
15140942
15269203
15322239
15471885
15608685
15671037
15750624
15843377
15963507
16651424
16731759
16774943
16818520
17105820
17135248
17363488
17698850
18159951
18669630
18778462
19819244
19861417
19882354
20009884
20024960
20696760
21148320
21383696
21454683
21832239
22030623
22112863
22285752
22728651
22797063
22815859
23798621
23871434
25431954
25584963
8327466
11085742
21203453
16104110
15197174
16258364
16055921
15987480
19281080
18230189
18277385
16333323
18282569
15340090
20663909
11329373
18239465
15169870
15194433
19036171
9580644
15385640
15666329
4609573
11051551
14963018
15280035
15494217
16825320
17456469
17519234
18794881
19665974
20667819
21300915
21385867
21880741
27677845
9388255
9741627
22132330
26701726
21283770
19373773
15459900
16614520
9651507
19578540
26834238
12871600
16205632
16634638
10485905
10406964
21829339
11106648
21445275
11991950
16083423
21232158
21444755
20482858
10706243
16331685
16014927
15492011
24204759
19766572
15976031
8816504
20093626
15548666
16371653
21858098
15246056
17255108
15770651
11829459
15255999
15359272
18678618
21627779
9593259
21610070
11381089
18822114
15665031
22073238
21730051
16098524
20803696
7503992
17067317
17563750
19843326
20074327
16801131
14714274
15283146
16730065
15735759
17985932
15223809
17521731
16840538
19430477
17893364
17001512
21698200
17640359
19863771
16489932
18725400
17958743
21423639
17627282
17190833
20733963
20806047
24192293
28099521
16460034
16793420
21262234
10200336
12225788
17449030
16518841
19168580
28040583
14697346
9560340
19572019
22028877
21729304
15530648
18392556
17046972
20616959
22594646
17690304
15386373
17650321
17767740
16156378
15782121
19736252
12030000
21345848
15797709
11438669
15805299
15388789
21876809
20677100
9918119
21228060
16179260
21994790
26824022
12467060
15930267
17973573
9789053
15090044
20876283
19786495
11447119
15648021
16301747
11408571
21364619
19671522
20808790
20110263
18818734
19457236
19387489
16677756
11455963
18195072
19906736
9551360
16455978
17623670
9157989
20016685
19138172
21886773
26492277
21792362
23527085
25784538
9510256
17709424
18644116
15781111
17612411
20122271
9547337
16461768
15758553
26888921
16769183
17049503
15574785
18847501
10985351
17054722
17131384
25916850
15071496
17690116
20145727
15292221
19075111
27129221
15383284
18335053
16006741
15998322
9576909
16467401
15655821
2649896
15743490
14533004
21531700
11410590
15470505
18710861
21507218
21633110
15544426
19583842
19720798
20305788
19966273
17312134
10828067
21156796
10788804
17897939
18431449
11507948
2915900
15591045
20659327
21698215
17024246
20351184
17383626
20509890
16684815
19015152
10393337
15878168
18786258
20205669
15117824
15550395
21375334
10777525
11040212
16055064
1682382
20211017
10548885
15212954
1383209
15699046
21731694
16126177
15084595
10526407
16088151
19088911
19836314
16357132
15078867
18477470
21257638
22014111
24510189
18069935
11955436
15459340
9367679
15611136
8631302
9882479
16818614
15815014
19664200
11238451
19622600
15781259
16959272
22040803
17380208
21548924
21910425
15196915
17090540
10881176
21364642
11278311
20556632
15579063
15507107
15576336
17274955
16003486
21049020
20929812
12633504
15998797
15526030
17015616
20695846
19249120
15173323
14510911
15212764
10082525
16014624
16705796
15240704
16230354
16893186
19882005
16648487
19256768
16632867
17521387
18722344
16754682
7478594
21843342
15024021
20178607
22007345
17336101
11015447
15269783
16453001
17317861
18452405
9205132
21161327
12837698
21941546
20957047
12080485
16712798
21049019
18064649
21188172
8349691
20087430
17403904
17803961
22000856
28197073
19128442
16793964
18269922
20502671
16574651
17011499
8529671
9271386
11988022
18254976
18474530
17329403
17606614
9584155
18284469
10684248
17337444
15677477
7534303
9407106
15249683
22479537
15707501
9560226
15642148
16203964
18053171
8943419
18549481
27374103
18495735
22034445
20498205
15537870
1380488
17169985
18005433
11587641
16705155
19914930
21729869
15236650
9164202
16569214
26595675
17579724
15892711
10998641
16452154
19015525
18284209
19401150
15082903
18593473
20435142
16274474
18382658
16175622
17313375
15668245
16504042
11784295
15131124
19822958
21151591
21955667
20671929
10080941
17767165
17047061
15967377
21637570
15837747
16172401
16155184
15279770
16829525
17710122
22084619
20144688
15935618
16311512
15229283
16317044
15517571
21937436
17567982
21994756
15975910
23145131
21949697
16785237
1352292
20193073
19825179
18303074
9199508
21853134
18519446
18497563
15382140
19696174
7616102
16257509
21516490
20618999
15925536
8395834
15182176
18725399
15930262
11238454
12874273
19617714
27655633
10207624
17927978
12900521
18557994
15342239
8898204
9003010
22022496
9590694
19379523
12844404
11806846
8594211
17583407
18045990
19131463
20368795
12183515
16177072
14517296
20920215
17931695
16916509
18047707
19885839
18347100
20078909
20679402
18053135
14583445
15526001
18218142
15756023
16627584
14966289
20679433
21933386
17502873
15308659
19032775
25141865
21234346
16112082
23382384
23449221
26516927
15181005
19208189
11903375
15869703
21611103
15708849
19439065
22135505
10913187
11598010
17923482
18252774
21603028
21738696
21037853
18382694
21379341
10973998
20622004
18321988
16260776
19546225
19584955
12724357
15236771
15592530
19995430
14610046
16724115
20977678
17068076
9845531
9278309
19528316
20849640
19724277
15331592
15507151
7789516
18719248
17014705
20809527
21779290
17257442
19455257
15265897
9214632
17132729
8441422
16371131
15560119
11747475
16186820
20388199
15181252
15920473
17168540
20082712
7852400
11441146
19352505
19424414
7622000
18217891
21660263
18209100
11337355
20929870
10525536
21572107
15469846
19500423
15611223
15787971
16380093
22034240
21785723
8637701
16630808
21203397
9195926
19185015
12810698
19435523
15388333
15255944
16303135
20376339
19649262
21892957
21901137
16143348
16293762
15276012
17214966
20716933
9199292
15642153
17660250
18848351
19723618
17185751
18752272
16247449
15507471
17295203
20515495
22384045
21415976
15494505
12556524
21060895
15231665
19652764
14765121
8302605
16368564
19096513
17493940
16857725
12574859
19956569
17186020
20084294
9207002
17697368
17227821
16239300
24844881
19299583
19203388
15496416
8895318
16407784
19419578
10733567
17561993
15726626
8029640
17392586
22040655
17326328
20181105
14581002
15113403
21876767
19534795
12887271
15777802
19099573
22039435
16455647
17341133
21766022
12469180
20687930
18334025
19308682
9456329
15913575
21785598
18426974
12098667
19279403
19926662
21072271
9874564
20587078
21199956
18538002
19925644
21649908
17205124
21900495
9595428
15998242
17875935
18404417
21623603
19232066
21281484
20459599
21767350
17264115
20808443
21994719
17173689
19997580
15320730
21774828
15492000
17369848
12192034
15654973
7594491
18831788
17898078
16769775
7774014
9786878
17115031
18045485
19920867
17407548
18391982
16684768
20174472
15498814
11927634
18684318
17057368
19278650
19398758
20204172
11884470
1311314
21653551
17380311
21076181
20161822
21394098
15983058
15636423
21906307
10485589
21085491
15535835
17088287
19037660
15987444
15489004
19707560
15096511
15367672
20724438
19208642
16001330
19750024
19692591
18315837
15657443
17381824
21113024
8631775
8979268
20392290
21876762
12900393
16368885
17557111
20625487
10087267
11250706
21949845
15661896
18415116
19862326
20016852
15923619
22125448
14690548
28125719
15199065
20064876
15749829
17151076
20814433
20029648
15043764
15165288
16602827
21409565
9687533
21044305
20811617
15800215
18515569
10330148
21897866
18215321
20156317
15258809
21072323
19804633
19615077
9815978
21124998
14681017
19065997
21614094
16476778
20571082
18490513
21335549
7494001
20182529
11250726
19064666
21383861
18653463
11604417
9166404
10366600
21829468
18046911
21283767
18416826
7687740
19401772
21991434
20091762
8241949
15581622
20470376
21151670
22043306
21249207
18162525
15579904
21103350
19282884
19707339
16825188
20567632
10913197
7907978
21303493
20553580
17764157
16683072
22125537
21050422
20727227
15138272
19337458
19716788
12377104
8759729
20830311
10899906
24824519
21298017
17052120
20843981
21267540
20617141
21470407
8530413
15643424
15987703
18321849
21695276
21949667
7509445
16027153
21943323
21139993
20631911
20054445
16306087
10727462
21554733
16260747
19888210
21572642
17146436
18047674
21272574
10371763
18826597
21450806
17567605
9271587
18248679
15214968
17615542
15920022
21887278
12900443
17287464
19956735
12060669
19798438
21573138
15562208
20551598
20300657
18490186
9628899
21760816
15316008
15316081
20625488
11585921
12479404
20090832
17647026
19506719
21556316
9425167
9585421
18287097
21747928
15297673
18620420
8900110
16164752
20940111
16141201
18094076
15719057
17916240
21284870
20856802
10430618
15766387
20604804
21776389
22034875
21358811
20532978
21789172
19826001
20459685
15647386
21457530
21286378
20964825
21798097
17687028
22073279
16939977
18460542
16795054
17663771
17724116
12527361
16831222
20184375
20616901
20668692
17692468
17953753
16446491
18458079
19647751
10209031
18445629
17129375
21603163
15180890
19169411
22069443
19506027
10956618
19898638
20185807
18981234
19020732
17233630
9701566
19416474
18682529
13679070
15836779
17504940
19528079
20952512
21282466
19920913
21203549
21704603
20046830
20652056
17986823
18957425
21915172
18799579
15728498
16352738
17533573
12234376
20091488
19594871
21599957
11193829
17121833
18276585
17436410
7913748
8002932
9770464
21410942
16625841
20682066
10329628
15034932
19103666
21685449
17525794
17900370
21804640
19897479
21318618
18702816
21461879
19216791
20974814
9670053
15155742
20098728
15911620
19824884
15125785
21876709
20805891
16288052
20426862
21777476
20409325
21637378
19997487
20015838
18256307
9514152
10459020
17565660
19008342
10427092
26246171
16342947
11121095
27064408
18607645
21345215
10206947
20699273
12535698
19170396
16442497
16980408
14604442
23650516
1710450
18789696
16507142
11283019
17573775
20470398
20543981
20025767
16816121
19460155
21572528
18373696
18391012
19548880
7540882
20604938
9565566
20161827
17676042
12959647
17908333
17660439
18062917
18161990
21805697
9565634
11257503
19923218
21733164
15219236
8063696
19273615
21479917
16377631
16861236
17602955
18648668
17967169
18487244
19586531
10893263
19804619
7508874
20066163
18043741
21813016
22110532
15933209
19506736
19662191
20090905
21624184
21929785
15521925
19388510
20215438
28487562
21408080
15254398
16150868
17462603
15687383
18208837
20685959
17251051
21436991
19136654
18180305
2040625
17389031
16787232
21115536
19404404
20074374
18068125
21387003
14680505
17028180
21676260
20843363
21034493
18301784
20353610
19919683
19564406
12447388
18285607
11331307
22363519
16602018
17355984
19506731
15585097
8700224
20427271
15123686
21819617
17158868
19458477
19587786
17991682
17233898
19188450
15190479
10748204
20224660
20463015
15778351
9744885
20500895
20508816
21829767
19581930
23865743
16286926
27076121
16734747
15528362
21946623
7514295
15561922
19386894
21931736
16280008
19000833
12403812
17335001
18533049
19491311
15215310
22693611
28446751
16129783
21483657
21912480
24980502
24252417
16277675
18516228
20725763
20865051
17134502
21660307
19709445
15479742
20398313
20454659
15279559
21617748
21234400
20735474
19120473
20513767
21197465
20979597
18842633
28425505
19961617
10931940
11162104
18854042
18523868
23516407
21494683
17786200
11134082
21359179
22406686
28209710
19692571
21698093
15878873
19773357
16623937
9566877
9351825
24940000
12499396
16935933
19883503
21724609
20537135
15769944
17652309
9374491
10980595
11254732
11714830
21827948
17959595
21334453
21247878
19797172
20932292
17117617
19763259
21423603
21829661
18606850
16460559
21149563
20025294
20412587
15854593
18005418
18461168
20682043
16569238
22370717
16887992
8893010
25309881
11481439
15642160
15292230
19570979
19604375
18953416
12522132
20400976
20889553
8576151
9725911
26858303
20388715
17650074
10619433
11369442
12372301
15110707
15479689
15572025
15645143
16595687
17089037
21536732
21665150
22438805
22609552
22677548
22902404
23059826
9671462
18625744
11007526
21459849
19519923
18333378
11585927
17452463
11943775
16446060
21931711
20003459
21123182
1691710
21457949
11352942
19359363
19222862
21858154
15317705
23974116
10629050
10950869
12409306
12871932
14605097
15060171
17392593
20110331
8360196
10433268
10801873
11375388
11909938
14739293
15389124
15707572
15767678
16301825
17312100
18022816
19106159
19815712
19884985
20360624
20658524
20802513
20802517
21779492
27496565
3525564
8349614
8791009
18373705
17530930
21245044
18377656
15485859
18047734
19156131
19957372
9717842
9052839
19555470
10421367
10421368
11562423
10212189
10608883
11114297
12588680
16584705
17515931
18692497
20090754
20179351
20706670
21997417
16567633
22710722
11463380
11850634
15163697
1545828
15650024
18215135
18272581
18354204
7876316
20920219
12887736
17567611
17967051
26880549
12590260
16722557
18250157
18497258
8381437
10452521
10775268
11297520
11333915
11948419
12077256
12917409
14729949
15326481
15632084
15749741
15947085
16446785
16484370
16611631
16867982
17254970
17332358
18171681
18509061
18617643
19098900
19259095
19528229
19666824
19737086
19788416
19965636
20009512
20708039
21284833
22286763
8380588
8910372
9265649
18369372
15885880
10848607
18000031
18848529
22308320
23275542
17490616
22098624
20585650
17074976
17560939
10465784
11970895
15218033
15541388
16951356
17116858
17512944
19549984
9008162
10197446
10438516
10867018
11294841
11741879
12110590
12692267
15383572
15475956
15492226
16439366
17202342
18803402
19395874
19571574
19920202
20190268
21164023
21705319
23653357
25542968
9430721
9659915
20421966
20955562
17574480
11943877
12635144
12855578
12907439
18620601
18842587
19015317
19946423
20016069
22117070
22891331
23345399
8619603
9020159
9590209
15851516
22140620
10831617
11085516
11095724
11709553
11779850
11821945
12149243
12525615
12586835
15574335
16256737
16672071
17283049
18664496
18722525
19364816
19822666
21421921
23745637
7543416
7799965
9028317
9988718
20178594
12743426
17982272
18288481
20141511
21586099
17606867
21984905
25550698
17313672
18950503
10077673
11237732
11707456
11861647
12095675
12554650
15073180
15681612
16082208
19802005
21135237
23074275
7509863
9034327
9197267
9635432
17315398
21197403
10655479
12529413
15001534
22865920
14585074
16877352
16904321
20347035
20680098
23029429
7716514
7855889
7997270
9916712
16026328
21776294
21203533
21423392
10068671
15819614
18982914
17498291
11751994
19121738
8647212
15219811
17022812
12244303
14769130
15001544
15576463
16020478
16099428
16123357
3527261
10347215
12209154
12433373
1506682
15502847
15659558
15887231
16888681
20212113
21480003
22081607
22500023
22832194
3461469
21079800
19440493
14610056
16717288
12647293
17138645
18593949
18644862
22505454
9765309
12625840
18430235
18316157
14625288
20976771
21980424
10783893
10894171
11250913
11425869
11687594
11839743
12874121
12953068
15078886
15187149
16207722
16621789
16760434
17197390
17604717
18562319
20056922
21673106
22494971
9264402
9461298
21994887
21492463
21762539
21150341
16682448
18702299
21431325
12100033
9692902
21811581
17683622
20595680
15117970
12384996
16202977
9712842
9867804
20033263
18941504
15647376
17044947
19714248
10322133
11682467
12354379
16533812
20731837
20798852
16505164
19525231
18190691
21977023
15377999
20233715
20421206
18374644
10932976
19801194
21559451
11299965
18384850
18198944
19826562
20827314
24422669
26695943
11278334
17039247
17971302
18836482
19265014
19632174
20533886
23431053
27494558
9143707
16672066
21470426
22140505
21798009
18779373
18219697
20160708
17237816
16914550
20808962
20623637
20519779
21524151
23209422
15021909
19549328
11746524
17020596
20582450
19125197
16672053
20069350
9109492
12515814
21559497
21490677
10506127
21106123
19620630
18047733
16569640
20196840
21415014
15635093
8026494
19129215
20581867
20885906
21572731
21978545
19432560
21629437
1680775
19700161
23166793
17164360
19491197
17227826
18769029
15789036
20041215
19876927
15171797
17565698
21232142
18213612
18198190
18230341
16546130
18385788
18321991
19633205
26771352
15626731
20448835
15382137
21291286
9045650
14514669
18980679
19424485
14636889
16775011
21893536
14578356
21708048
11043579
12387745
12702667
15671180
17804414
19931411
9395517
17314030
15345598
12963709
21677687
21496352
10565837
17919177
21371315
18477456
21584266
15788413
16571143
17982417
20798862
12548019
15528197
17212783
19295914
14521712
11493923
12646235
15681431
15683364
1570011
16475028
16478641
19073728
2121370
22751498
22802525
24814062
8563751
14690596
15302870
16023596
16103118
16330983
17897671
18412141
2174397
23720738
2946940
8058338
17032459
27940552
12077518
8661019
11571268
10392902
18477606
19732400
17823113
17623099
27924037
18426978
23871671
11358870
20802490
23889934
21151613
12971829
21320486
20855290
16039987
16120769
15155277
12631740
19460157
16926159
15191537
21114847
21283780
15713648
17052694
18046452
20006588
9287362
17922530
19741166
12738804
15075324
26207810
16086581
8674125
15877817
19725997
15117549
17596446
15832810
7706463
19936027
19567915
19684120
24983364
19443904
21151618
19918298
10629229
21464971
17552940
17980166
20808524
18980695
20804548
17283141
14645506
8336950
9744576
11518717
17043109
9830008
20702469
14664718
2959670
20876876
21853033
12771130
8102785
25860957
22031796
10189055
15694837
10484767
16280553
19890111
15513926
17944932
20057503
21566744
16170349
15728708
15473865
17381337
18307435
20049157
17822675
21637381
20856677
20368905
18281312
18586825
17352815
19390592
21573214
20047966
12878173
20195466
17158914
17052693
16158057
17991724
14532124
18501712
21176140
15340843
21283653
17069464
18269246
17116688
15199112
22941645
25716318
16792817
18271682
1901038
20927248
15473925
20352103
19616076
12119356
20100173
12966074
17212835
15840699
10931950
11511361
12215529
12351712
1320017
15591058
16495313
1847995
18658137
25527037
22436691
27829024
9693118
17616678
16470584
16131836
17965266
18229560
12773202
19661056
22033785
15833858
15257295
14508524
19895632
7568884
16314432
9133417
11980723
15138276
19449311
21617750
9328841
11536198
19664675
21897893
18473910
18680073
11583630
8248172
21645349
18625840
18253086
18218858
17237417
19543530
1576006
20392257
8755535
18332217
8690802
12588994
12878603
19668560
18003705
23716636
27309377
16314505
19139101
16527269
19530173
15650027
18198193
15368363
18955485
10842075
16216562
11325824
19470168
17213817
15489916
19740771
17924656
19997558
16439357
20348101
15665527
15471558
18628401
16932349
19268509
21669874
18164932
19942684
11687592
19852851
17488655
8473289
10893408
10650002
12617739
1408831
16950774
18647386
17254974
17846166
17408482
14759258
11491305
16945145
17194753
17251915
7624359
9325015
9686407
24086451
24141421
26134617
27495374
9524123
8605348
17318189
11193028
16965550
20670382
19139074
21397947
18723565
11266465
10671489
20534149
16365455
8570175
17459161
11030716
15053742
19435478
16754664
19249311
8948435
18353552
11278794
15488605
18515835
23166352
15749824
15864296
15691880
26485514
11571303
11920559
18451304
20368358
21439340
18451337
28345670
15774309
16631740
16475831
19742321
24813896
10521424
11518528
12446202
14757642
14984739
15046979
15358736
16308312
17697330
17707404
19372237
1955075
21196497
21902831
24038446
9155014
9689110
12118371
12856811
15193262
15528270
16076840
17030617
18372406
19188143
21807893
8940031
18512285
21165691
16219765
15134638
16579988
19509060
19439035
17178850
18697751
21162738
10657898
19778506
20696710
12963020
20439648
20976164
12893809
17082770
27485204
2981246
11487585
15964791
9207128
10210771
10562284
23729730
25048602
25556658
17346882
17511890
16223492
12556519
16000375
16638748
18020452
21991335
16470337
16207353
17457934
10778725
16280383
8493579
15569932
17404157
16120148
9195950
9799731
18455130
19816600
9195882
10214954
11812778
1312258
14970194
15120645
15124925
16861915
1850098
2047859
2139180
7499411
8626565
7876247
15589822
19744932
16806052
20159955
18549247
15749862
10391929
19821980
15753657
18482992
20460526
18570652
11446475
19381785
19887622
21995493
20130808
18094623
11487578
16322258
16675963
19804607
10681554
16476059
15994311
20730058
17314098
15778293
9463387
1712876
10400701
16914963
16143817
15944146
20363028
19840833
11685114
19997627
16527252
12963786
16162931
17869070
19337383
21589879
21490949
16381836
21818551
19656130
19688295
10037443
20054236
17884122
18560491
15136724
17379544
16504968
16294014
15378014
16156789
16581545
9827656
17904578
22970292
18794348
20497126
19737534
15533944
16516410
21150009
11120737
18653765
16418270
18407999
15201068
16647137
20522555
19046997
17082600
20537373
12517954
10821681
9628896
11844135
15219944
8756634
17722977
21647439
19858196
10781615
9657445
21339334
7478623
18247370
15313890
12837288
20628489
16648477
21227926
10529223
16459337
19346112
10770796
17998934
19664273
10648835
16168072
18302981
11739374
18065418
19185864
21622977
12915721
12759422
10739671
15546880
21914188
7916014
15044465
21999493
15221865
15492808
15542592
19646530
11781132
15972662
19220809
20637207
15592429
17297291
17318851
21693040
7559490
9666819
12161428
16087680
17994197
16537916
15888437
20395365
23370546
7781747
11339363
15367661
19228881
24270405
9524259
11290288
2855231
19755421
20408811
12964942
18288248
15123671
16116424
18591397
19458327
27462418
10770942
12723971
21149564
20635434
9548182
16093321
24958724
15316024
10214908
15994438
11226218
17580957
20628571
17449471
20633251
9486971
19923215
20157551
20473298
21955693
9592231
22025894
10976530
20052350
15267247
19014478
17555981
15024046
17276914
10618391
19503742
16818765
10521483
18404462
20194433
18039708
17283134
17079444
11492971
15117948
9413150
17192406
19662222
15592508
15140893
15805267
10447673
16530727
12783862
15385533
20603521
20664073
21941533
19363035
11006272
20490773
20119526
12937148
20733034
19904549
21941565
19734939
21297906
19187780
15456252
16874461
17054906
17101801
7632608
20634288
12794087
9790910
20663410
20089838
11796718
15899863
21373201
22016811
21955513
17926100
9823463
16908409
15737635
21223537
18502764
16762838
20207732
20140190
17591919
20053298
11057852
17646287
19664212
17283140
15917233
21854621
19265534
17325029
20822528
9322942
17092693
19285941
19664602
20335221
10894161
16387595
9480847
20493814
16360206
16126938
18165705
21092079
17389580
9547268
19564950
21408136
16690746
16885336
16984887
15800927
12933792
15737735
19850369
16981228
15210700
17052462
17425782
12952982
16024112
20185249
7577680
22084573
19934023
18371080
16611984
19961360
11049995
8262955
17056576
19909370
20054210
18229576
12058066
12223527
1446684
15190079
7213797
17395158
9236223
15714521
16356189
17289006
8589366
20567500
21771320
19544087
19850728
18356201
16253996
18391984
18524818
25506060
21575170
16873698
10698152
17229887
12446602
15896299
21609427
9922461
19285946
19113914
18235225
19056847
20081116
19034475
20150913
12835323
20502324
16288224
19784388
18822137
16365308
19473990
18635665
8524818
1776841
2143810
17575076
19683493
15743827
17868458
17804415
20007709
17078868
15684041
15499994
26996666
15734737
16469747
16763616
19193766
21197473
19381252
18838553
11707401
15867346
16580634
16611743
15247289
17280610
9596659
18378687
17823304
10733577
15383668
15916908
17901128
19183483
19584150
20193132
10648629
9433617
20339536
17499043
15579911
19318582
19843526
16926363
19128516
19804359
11351325
16567504
20398440
20552044
9600071
15118077
19184135
15911629
18062928
19487454
21655346
12182826
16239601
16596777
10477732
15913605
9869328
12462075
16914688
11096073
15187162
15710045
20356462
20208987
16549777
18334579
17380155
14701673
20702696
15003504
12750312
18254960
21294223
20802523
17138966
20729552
16751410
2608057
20448149
8449148
17183692
9420334
10777208
17981804
20957096
24595027
18162577
19356250
12242290
16275922
19349467
1976251
22096348
18047745
20005842
10823839
18477474
10792988
19019440
25131669
16366734
17035141
8739280
14764593
11178263
18645607
7683034
15117958
15892450
20548837
10574372
15334056
15494485
15845549
15935053
18378323
7706727
9368036
19911804
15657432
17502424
12874265
17369851
19502414
12734380
15496419
16195223
17329398
20681606
15078891
15972822
16176970
19237735
19828076
23555900
21234332
21210154
17846228
18327965
18384750
18508857
17290797
20644585
11477107
16103221
16537893
17018644
17999355
21274257
17583180
15537656
17644758
9712147
21602893
8289476
2856163
21607019
18404480
18001488
19652917
12560923
9895299
15260967
12193156
9687527
14602072
1516491
16452195
8074239
15952796
24841674
23781282
16810178
20594301
17008544
7970727
15485825
10446188
20473488
18483407
20089166
16582612
12270931
15175342
16862184
18625710
19671677
20053883
17134822
19067654
20348106
15819887
20145962
15452344
17894853
15004227
12605718
16680072
17038309
17324927
17510397
9550652
16630560
10390077
14749127
16596258
21092257
19662211
12759364
19090983
21365278
10663912
15941912
18834499
18328742
20081857
18033804
11494403
19584300
11607833
19447883
18184656
17715144
14699119
1726709
11278941
21127748
21415007
19114998
15383457
17979146
17123334
15815715
22046277
15456900
19416156
19561075
21211035
11115508
19885567
16114098
18371977
7709602
20629172
10488091
15269186
16201754
11545732
16214896
18450475
17608924
19465689
16847329
19307307
14749375
18056712
15796902
17201176
11259614
17956600
19546859
21687728
9038618
15037235
18588675
16449645
11410708
16438931
15262978
20215116
10777567
19706611
19903847
20407582
15550569
21647292
15304502
18607004
17903306
9504411
20547488
22087257
10444066
18190519
17316610
17991896
16537914
15370095
15737994
11353545
15059901
15184985
19279106
15213231
17407572
19490600
10361118
11158295
17427945
18413234
18826564
9724081
15199115
18233956
20458448
11035813
15696170
16405960
16769725
17968485
17537723
19513348
17449226
19763184
9755173
17201934
10100871
21127893
14965474
21659548
15044954
17202468
16243853
18301782
16314515
15356119
21533191
12153727
15300568
17445771
18082619
2981718
18813851
19152411
19709076
15601644
15181150
11695994
21860608
21651786
20599731
20098744
12874294
11101008
15212949
16377227
15494634
16707568
20956546
15048869
12839966
17725416
7848659
17404037
19375851
18192274
1396592
15579470
17603632
19926819
19635865
21361872
11960554
14720506
18657502
21818335
11211234
18635971
12805376
21672271
8421066
23951345
19509061
8660911
15252864
18772886
12684688
20584900
17611268
18635759
11802164
17119350
17120011
21371233
10631312
16135804
19300482
18758745
16540586
17904296
16728402
17363734
21175577
19357636
15647284
14673085
19901072
21779176
7522050
28338624
14669984
20437053
9491986
17241471
20877461
16689999
16753023
19077207
15911074
17848987
16287503
18285446
20738847
19299420
14707550
19995910
19289793
15871698
20090206
18052042
20519371
18499669
23704930
16796847
9563466
10601239
12411982
21492470
17013896
9886363
20205715
20927403
3132330
19995558
20388781
20049090
15987493
16176858
7635972
9860287
9692543
12717005
16115458
19779605
12213813
8157290
19015234
15912198
8910342
21637366
19878719
21936567
8198572
18698489
19625448
16269517
16574784
18397186
20706540
18644895
20202930
16822931
18056412
19043203
12941796
15496146
17215484
19526291
21646355
14970191
12554740
20512335
17169148
21812971
15607527
16990791
8836115
15942030
18715515
19646965
16394100
16019437
17708745
15992371
12794156
19049973
15181008
18793611
21294903
15615647
18270267
8895097
15242342
17473573
18339689
9418910
15618465
15485897
15528212
15659545
18302751
11964397
15814436
22046162
9683266
18566116
10207105
14633289
17436255
9071815
15014082
20076496
19015237
18431455
19421420
11042169
15240695
20011590
11809763
1838791
21672195
11485831
19738423
17599736
7678549
7685013
15722341
15952937
17690467
15325839
11306688
15381698
15851656
10801839
15723947
9151858
21994677
14627709
15505373
11278340
20123959
19228412
21912482
20939869
10452987
15657064
17210245
21655246
19254954
20178612
12814948
15117939
17174564
18426861
9647220
20206229
15090545
19417090
7649471
19674438
16925817
21824415
20806036
12297840
17051326
19967788
18201104
16776831
15078817
19351424
16155592
11448952
16190779
17925413
8702589
15528323
17993630
21912630
20332106
9832610
21886807
12137512
17005010
16982577
19014652
19251038
15991894
16399078
19956411
19155499
15166247
15627510
21340664
10504266
1532003
18470978
8085396
17982282
17249693
15840392
19930554
16376568
18769612
12506026
16211085
21364621
15638917
8550632
11346644
12787920
16493586
16889753
16505154
18694941
20538600
10562286
16701995
1844391
19784651
9175836
10814714
20406432
20670935
20462455
10698193
19604364
15016801
21048997
21411011
8364117
16931718
17150542
17656373
19604491
16616828
20479470
19297317
20116414
7887904
11250710
20101212
11278693
15536489
18390577
15279792
21625222
9865462
15187135
16541486
19766270
20488869
19584153
19076057
19331698
14665433
16282533
20678218
10191254
12734206
17581860
17580305
16954223
17942932
15304035
18541536
15642952
12049660
16250859
21835052
21884627
15743677
8887554
16914445
21179027
21044324
20548789
19712465
22114558
17144662
28002318
28099152
1783881
10037471
19965767
12426319
15247219
20182539
10629043
17485468
19201925
11242047
15755740
16286510
17571161
10441001
18000614
19561085
19710929
19257891
22073273
16084012
20119532
7936637
1578147
18728399
20158876
12600746
10747098
11055624
26071524
16037382
19903263
11250715
20236090
24376897
15735665
15246873
16472145
10641597
17183683
19737390
9045625
15280210
10766841
15061869
17187456
19232095
21191145
15922873
21364637
21605467
16687405
8563755
10567585
21977033
9707435
16242409
19352412
15721870
15788397
21910893
9843854
14992692
15269663
16954217
19043612
19164452
15935710
20871817
15363108
17925579
18252799
20034698
21935353
15632198
23616949
17062640
17012237
11705994
19707854
17475246
19930602
18162583
20195506
12453182
15949441
16762064
20508921
15306238
20798892
14764690
18166587
21138559
19071118
15955369
9698373
21291537
16225457
11285245
15047173
7681223
12414993
16945929
10542290
18429007
19625775
19752777
12543167
17533049
15471945
15499654
19840934
16540665
12189157
20352044
18271626
16222567
19401414
17272280
16276521
18299285
20818396
3494075
19833888
20937115
16200205
21525989
10224664
16595695
21904661
18322963
17554592
20127678
17263897
8754813
15325611
15449939
12773549
10851051
11699871
19689288
20157352
15286701
20122156
20020054
24205201
24278431
26580974
25567983
16956372
16105657
18464914
19521671
20515496
15607800
16904340
17656250
21457557
9233777
16172131
27845385
21811429
20008555
12592607
22087282
15845089
16202384
15870259
16595163
15496675
20736160
20871837
16770606
9490034
20738858
17974973
16278303
17920895
12093796
16420525
14705952
17826340
18374159
20616897
27759017
16531504
16314690
21619691
23877263
19581418
22848740
15632149
17981132
14614819
9606216
19046439
18728070
17404493
9254650
18525209
16920952
22140559
16935936
17220308
18177895
17627279
22034471
17141158
10854439
20414253
18262493
20441585
16097394
9500784
20082308
14662744
17699514
22047021
16371896
15780992
9622488
19755106
9781816
9228302
21050475
19653884
20154091
16822981
20403371
18630471
9658366
16709257
21938229
8647924
27315204
20308062
12524438
10601253
16849487
15234273
21401968
9723706
19949546
21559216
20075150
27183006
9412458
9305912
17229088
19176219
15608682
10725337
19939808
27526030
16342160
16861906
12719469
9224703
19636528
16341769
15961524
21059228
15625278
9032250
24068931
16628251
26744779
21742762
20421936
15596016
18230186
17615294
17101731
11578689
17517961
9298975
15183893
7488231
15784142
19305803
18091980
11441143
3261170
9032297
20352102
18196534
21224387
17786945
20086172
18625844
16999872
16214938
7679953
17243079
9928723
11113155
20731879
17576803
12930553
17559308
15327950
21209319
19238208
20610769
21655365
18485926
25792811
15833146
19912989
12356764
15890343
21134280
19850354
11285261
17039976
12088915
1657708
19090968
16421127
10597247
15350211
10773199
10898498
11516343
15526056
17407600
20037155
19596800
10698685
12944467
20031591
15313215
16845380
19458474
16714450
16567498
16319225
1358458
9931299
20855885
24466237
22792276
12964950
11226254
12391027
19067680
21980489
19906824
19379015
21747757
21887268
10777529
12504004
16936200
16581030
19129222
10945470
20689807
21738780
11719507
20584908
10749663
19763245
18268391
12851650
17210573
15156561
21455282
14641918
15069619
16030021
21829465
15342390
21912538
19956671
17243151
19753122
12629052
20541955
15345676
8041123
15756676
17085014
12024019
11807823
21235798
10336416
14662842
20885816
22347418
23071688
23566306
20142846
4074707
21347226
26348909
17970647
19270750
18375957
9209406
20886378
15673499
19150877
15721415
16585578
17727698
16440056
20047962
21747723
21445310
17311849
19008344
18086320
19615063
15781474
28469241
18460473
19578509
19924293
21211013
11536166
15336624
21637780
18226187
21652716
18637207
18194560
18316408
12692556
18291711
14992579
1325459
19323978
27198178
16154077
17327220
8821901
17178908
18184369
18541705
16710447
15389531
18096806
20507635
21569298
11839768
22069606
16766523
12488577
10609868
19165201
19587357
20633274
19587702
15752761
18053230
16163667
10894987
19664201
19208630
21479260
15843420
21673681
20844015
17043135
19527497
28252385
9584852
10383941
20546612
26608390
16425036
16582478
20385599
24312579
21076528
21810276
12042669
15023538
12529184
15377393
19219857
20200160
7684686
14598367
16982608
16284391
17409629
8264594
8774497
17698849
21829552
9228059
20300178
20886101
9211933
16014059
9464532
12611910
11922143
11494028
21599923
1942241
27708221
20091048
8617234
11248056
21858059
18704159
17579091
18644867
20963644
19881911
17460328
17615546
8118028
16863592
21138967
16140964
19968863
19968886
12941707
12087107
18433508
21603257
19631210
10900195
21437219
17825263
8632828
19500415
21264218
18502633
17005863
8433555
7626220
11152132
15522892
19308680
19707333
19383165
16093441
17189258
22186018
17615260
12058076
9182758
16616187
12537555
15248896
17148476
19581307
16636146
20064927
20053667
19457101
20012482
21107637
18544707
18682808
7799925
21103332
11457835
21049000
20626852
19442243
18702824
16036361
20150991
21670214
22312431
24807903
9813005
16111636
19940161
19460343
19401441
7524405
21190589
15911144
10409735
18709148
15998457
17150107
8035999
19918370
17893710
18074024
10231017
16280053
3499357
19966271
21394295
9576918
18852895
15573917
19317917
8663332
11891851
18177508
19468068
20640154
10209041
12833158
19449446
2428879
10979976
19956691
16306936
26972480
10427134
15890023
1630492
18445682
18174918
21247443
21606536
21355038
20647383
15730850
19237587
19858290
20657659
19765649
6189106
1958043
19298613
2412224
17718901
21345218
26553048
26728896
15743678
17881735
19607874
16556735
8100571
19352458
19393419
9348298
21961024
20508730
7722516
16287128
17990360
12004059
1448174
18494554
22046184
21245839
20965417
16700901
19412416
21152297
19439102
20827422
15653678
15833358
18268104
21403873
10931868
19429598
18088417
21912565
18545638
20090362
10064593
16879720
16565089
20442802
21886885
19779458
21573221
9207043
22046435
16567619
20230619
12659670
16864411
16678877
16600964
23737759
11401536
20064771
20100910
18175822
21904669
1545122
18200510
17689829
16179258
20706582
21176227
15220246
16984397
18404494
15743468
20637214
21044331
26460953
16256973
17881500
20529943
21533022
16520386
11741608
15242977
12723979
19365569
17328794
19424823
19412530
24141718
19630773
10411633
15583752
19295543
12134160
21561871
19383157
21997635
19582217
21519523
17192429
22091396
18227278
21347281
21826261
22131869
15199147
8754855
19435818
9748294
17432832
8401996
17442097
18632669
18245528
12052829
8774959
17668378
20337411
19055814
19201992
19744347
12760060
21360311
16846535
20158880
18420488
21566745
20209057
17615067
22028589
15640804
18591418
21490792
22114697
19461874
20661472
15574778
21306635
15795315
7543852
21980498
20624900
20427424
18604245
21912638
20585598
20643881
15756539
15340917
19259979
19197348
24787244
22121362
19564404
21627856
18509496
16415178
12885761
21440638
15300794
17634141
21317301
20956383
8922386
19897545
1597451
22102868
27381497
28475037
15618229
20368797
21917931
20634199
20507645
12186638
11889139
15782423
19073193
10604385
20410683
21994750
16244179
8755479
19240808
11124902
19513288
12098360
12527902
12925705
16764713
15194700
19239702
21423869
27487131
9670039
11870371
12815072
27002166
19895680
16978839
21639915
19828069
20017978
20426868
9043083
22363690
21689402
20844740
20021694
15939934
21217880
21858169
18269588
15760894
19108028
20877463
21622955
16998185
16569256
14982933
20671939
19619298
20140014
9730896
19794881
21048919
15215520
20102610
19721810
18353371
25027850
26686862
26762477
21789195
21743438
19844581
19277120
12654244
14530377
21197425
10645889
17426818
21297950
19276253
17297437
17049074
23991205
16372906
18316596
21756247
16141190
22649058
16247032
14678989
10190906
16287709
21104225
15615865
18628958
9334400
21150032
9426307
7651404
15566616
15762980
21490705
8095852
21523247
21490767
16091746
21539724
20052288
10781613
21447157
20735414
16885194
19506078
21607065
19136012
21576392
17121828
22096374
25088526
20525238
18533030
2050681
21152443
15377664
17961830
18208592
20223035
19712453
19549334
21347754
18605998
8558067
20652043
16903783
20360857
22096481
19257903
16824229
14718565
20628762
12235287
10329730
15728506
17761670
18382692
17088940
21994758
22096368
15901826
11248749
21747812
15806162
17663792
16842630
20981297
20585595
19942621
19144211
12403809
12569092
15596539
17711849
15746104
20483917
17074974
19135670
19584866
17374753
20838473
17437852
15475002
16343440
17097051
20885916
20961462
21754932
18356157
18296717
19007432
21845106
23863084
20673369
20929554
7528242
16805913
18292575
20196864
20384997
20307265
16990343
18093317
19339517
20631005
11956083
20858269
21426588
19114997
16003950
19721725
18208559
10757802
21931183
11999169
18432406
22082142
19249275
21437146
12810719
18467332
21676262
11062259
20948673
18973695
21569303
20012542
27994030
16314921
20144242
16338228
11716788
18386043
16473854
18029264
19778628
19503104
21559261
17880399
17922646
20862300
21266482
18559336
21829377
14597406
9832564
21611158
22952853
12193273
21385879
26134128
10748088
1717267
14625312
16908671
19584923
21423694
22442730
14607829
8622875
19562370
20105279
18201107
21283576
17670796
21687692
16538283
11390509
17478514
21779361
9490718
18211889
7826885
9396760
21176175
17130157
19390624
19794886
21651512
15566620
17227916
15143163
16326862
16287839
20302629
14519126
19015319
20587419
9679155
19442274
18625040
20041127
17547775
2580021
17974029
19152120
17923697
21203470
21264220
20592985
16489251
19221597
16594997
21086176
20939895
25616865
24878716
21773009
19388049
19371355
15471548
15800193
21901146
8276860
17205138
9230070
20302641
18389064
19435530
19570025
17359356
21352602
15207008
18006821
19399246
20802156
17166276
8262455
3110160
11696247
20808773
17545191
20977777
25297980
15362101
16354706
19300635
15690393
20333243
21390307
11007770
12393603
10864977
17855402
22028671
19636418
11050468
21255389
19794910
15287979
15242994
17717633
21547253
17993327
20011507
19918364
21232811
18723684
20838651
19951440
20495683
17721610
17996943
21791101
19519952
7602097
16978046
15479743
18988626
19742304
19609453
21779393
17855398
15868102
17662272
15009090
21776376
21857817
21781306
17179145
21892295
21317983
20040103
11390485
10519970
18404483
19077196
18312657
20520848
19602278
10567572
22087843
21785626
17875742
20479115
14623361
20513769
18316409
15269786
21103005
12860406
17591779
18519744
21261996
18809720
12095426
19131562
10900208
20556630
17653853
21755039
17447416
16492735
8762981
17636039
21274273
10873625
18047735
16945926
18059182
19924424
22932896
20090896
19278523
19568436
11171966
18257909
17531096
12429062
9463408
16137649
16828797
15548136
15476821
21959857
12202478
21755009
16825297
1429597
1717156
7525262
20481466
17709379
21364999
21698141
9421508
18809380
20972369
21211002
21197111
20182541
16399808
21092208
17711582
16293619
15502875
10621833
17988266
20157525
17277737
28191871
15897260
8798744
21609439
19664228
10588656
16729899
19593382
18269587
16205790
15888255
16729884
16754954
23115649
21470964
17686149
12218129
21073737
21124932
19924298
20499360
20663977
9730888
16571680
17068199
9703002
11270639
21811597
20211215
21933453
16244706
16277682
16430786
10393914
8907173
21197618
21850184
17697365
19525388
2856638
15258909
20849664
9461319
20026682
22441827
10900353
21048951
17727719
20182888
9722619
17401367
18171484
10657935
1428404
18583345
21127710
20941528
23401660
25586196
17969870
11197119
20858683
21283601
21170310
17047300
21654882
16909115
20300273
16759382
8663448
15858711
15178744
17158960
21253569
22006950
19609442
21347292
16050811
21760703
11235020
16297198
9166410
19133145
18648529
16330482
19682232
19997637
10518934
15207857
17339452
14739781
14715568
18612433
17291186
17913752
10993911
20981302
10984371
12554737
15525597
20406462
20976244
18587493
21569583
7556195
7679328
15572666
19737788
15897264
24478452
17495528
16850375
20941365
21827680
9230911
9773982
20439541
15890204
19851467
21408165
19386601
10348668
17331252
21235735
15716352
15790758
22023811
22076177
19804625
17878916
20421427
21658281
18279388
21552417
21966368
24748659
22383950
24466302
28287082
12076508
21776019
15360086
20418485
15510218
23693126
19843283
20006587
18360560
18056392
21798052
21390302
16505146
17201925
9885241
22276098
15220445
15189140
19680692
18830398
21569296
17413867
19723303
20556434
19816602
7485345
18828675
9702053
21982157
16859528
16121255
17900235
12086590
21217868
1671555
19605360
18252771
21143847
15047604
21177859
17412693
19252740
19273589
23552691
16849322
15353551
21082037
27348078
16269515
22110486
12429065
19299511
8096509
20236534
27188220
17878937
21200028
18440780
18200816
20445741
7895083
21321078
19787090
19129194
15521013
15650029
21105670
22032294
9367155
21266043
15857113
18820682
20498703
22027593
10362540
21589926
18353202
15341733
9218507
27683220
2496053
15686969
18486765
19433070
17562792
24353314
17194723
17702740
24330518
17096550
9510530
16461362
15623582
9990314
27036734
21843312
11748286
7547688
17620146
18195108
19924282
7629498
20500909
17890447
16413272
21170385
16163672
17510634
15289936
17184556
20660191
12446744
20188203
17020914
21407824
24236056
26883481
16428329
23975424
7646484
26157630
16410617
15469988
27440922
18559531
9242550
12912927
18053164
16819837
23303793
12904264
16479007
16303180
19296720
11777392
18466599
17322099
19173732
19109133
19138410
18535845
12433278
15466438
8096517
22072940
10961925
22470564
12372143
6436059
9726970
2379827
16859503
10573424
15242880
17526493
21687625
18603595
20878509
19605630
1297652
21637535
9166423
19675672
21543453
21850170
21311758
17270056
12538664
17465220
9652757
16039117
16201968
19638338
7768895
9442374
9467579
17920587
19491056
15272007
19440460
24129709
19751824
8245480
15020712
18225953
20550965
23028940
15956730
7679503
2557158
21495840
19121222
15730400
21851646
18437351
14741046
16148006
11385360
19434003
1833851
17905674
18047743
18389292
19779456
22091388
20332100
15888447
12575905
15123626
3036854
8702026
1672545
16487747
18074021
21468303
27138453
23685627
17659869
20797632
20843377
16517593
17355985
16136207
21904677
21645409
12709435
15608076
15471851
8702936
16170155
16473626
20730632
11741538
15566963
11060707
10835422
21859497
9749945
18797508
16815998
11086008
19593667
23762448
15580564
15331667
8816507
9808621
8610109
12735795
19960054
17606455
17452462
19858324
16914750
15804047
18586828
20976203
16775354
9405685
18416830
11936430
16319113
17714745
17572016
19906705
22022269
26598555
15637741
15716380
17008358
20205869
26936961
21637840
15471764
20182576
19462000
9663488
26816343
21494372
17353115
21760952
21738757
22058091
18573884
21240486
20130088
16876116
18485195
27525485
16048649
19578505
26062444
19014680
19374776
21931549
12778173
16724804
20725631
21479274
8891899
24278338
25550426
19799774
9694588
8549691
18382618
19643179
20041225
18667698
19936054
20472883
18678606
1321428
12913107
10022832
10022874
10022885
10023668
10023679
10037142
10037467
10051408
10064069
10064595
10066421
10067895
10067969
10078529
10085131
10085136
10096900
10101032
10187770
10195903
10196226
10197981
10199825
10207045
10209029
10212274
10217279
10224060
10224094
10227390
10228153
10231530
10233893
10318789
10318869
10329716
10329725
10329850
10330172
10334944
10347170
10347206
10347209
10347225
10353604
103558
10356987
10358032
10358196
10358772
10362251
10362354
10362514
10362813
10364179
10373465
10375506
10375532
10375640
10377179
10390370
10391242
10391247
10391915
10393930
10397761
10400637
10400664
10400690
10403367
10411933
10421840
10428810
10439036
10441130
10446210
10446213
10446903
10455105
10456332
10462698
10464286
10469124
10469656
10473609
10480932
10485457
10487978
10488078
10488094
10488100
10490027
10490849
10497232
10506185
10508590
10508784
10508785
10512755
10514499
10514500
10514522
10519551
10521347
10523301
10523317
10525544
10527398
10531036
10531066
10531334
10531372
10537323
10541305
10542239
10548550
10549281
10551809
10551817
10556585
10558990
10559216
10559227
10559231
10564272
10567342
10567350
10570927
10571231
10574929
10574968
10575022
10579722
10579917
10580105
10581258
10585869
10587587
10587642
10591629
10593929
10594015
10597289
10604473
10606205
10606530
10606744
10611223
10611478
10617144
10617634
10617636
10617655
10618429
10618487
10618498
10623656
10625301
10631952
10636859
10636877
10637505
10642499
10643560
10644707
10646504
10646534
10648571
10648825
10650845
10650937
10652257
10652349
10653665
10654941
10656688
10660524
10660600
10660621
10661409
10671564
10672017
10673502
10679011
10684652
10686433
10688839
10692440
10693759
10702312
10704379
10704819
10706390
10707983
10708953
10710543
10715123
10715136
10727525
10734055
10734073
10734133
10734227
10739259
10744726
10744977
10748018
10753973
10757975
10760275
10764782
10766840
10772826
10777545
10781063
10785511
10795740
10799319
10801846
10805756
10806197
10806207
10806218
10809722
10809756
10811661
10814834
10816555
10816576
10823840
10827168
10828059
10833429
10835430
10837071
10837251
10843914
10844004
10844023
10845904
10846184
10859309
10864894
10865125
10866655
10869555
10869557
10871856
10874031
10880960
10887109
10891492
10892742
10893237
10896784
10896934
10898738
10900017
10900149
10903140
10908300
10908600
10913113
10913145
10914484
10919662
10920266
10921920
10924361
10930415
10934324
10937878
10938283
10942405
10944120
10944533
10947959
10949026
10949031
10952974
10958661
10961885
10966113
10969067
10970850
10973320
10978272
10978317
10980711
10984483
10984509
10985348
10987286
10990452
10993892
10995762
10998246
11002428
11004509
11015200
11017876
11018017
11018045
11019781
11020382
11023820
11027273
11027307
11027313
11029469
11030732
11032419
11032890
11033437
11034202
11035028
11035045
11035113
11035786
11038170
11042170
11042189
11042212
11042694
11050117
11050185
11052978
11054421
1105813
11060443
11062054
11062248
11062529
11063592
11063740
11063743
11064459
11069889
11070003
11073981
11074000
11075956
11079778
11080179
11080633
11081517
11084020
11084041
11085981
11086994
11090544
11092882
11093160
11096094
11096101
11099414
11104755
11114298
11114308
11114882
11115400
11118439
11120880
11134016
11136736
11139284
11145955
11146000
11146558
11146619
11154281
11158243
11158305
11160134
11160317
11160719
11162439
11162897
11163237
11163539
11171116
11185568
11207625
11222372
11234019
11237216
11237525
11237854
11246149
11250155
11259586
11263724
11276226
11278269
11278319
11278469
11278470
11278667
11278789
11278832
11278841
11278872
11278951
11279195
11283607
11284700
11287002
11287608
11290523
11290787
11293329
11295434
11301320
11306453
11309409
11311120
11311121
11313698
11313881
11313903
11313914
11313925
11325525
11331603
11337501
11337510
11340066
11340086
11350077
11350745
11353333
11359875
11369769
11376433
11376654
11378439
11379050
1137958
11383510
11389024
11396978
11399775
1140412
11409731
11414770
11415983
11416140
11418599
11420699
11429593
11431472
1143283
11433294
11435426
11438522
11438664
11440997
11441012
11443111
11447113
11447115
11447121
11448776
11448779
11452314
11463337
11463356
11463746
11463845
11466320
11479288
11481346
11481440
11482905
11483992
11485553
11485996
11486000
11486016
11486042
11500362
11500363
11500365
11502742
11504716
11504915
11507089
11509655
11510412
11517230
11517239
11518699
11520988
11520989
11522780
11522824
11532455
11532965
11535620
11553333
11553682
11555640
11555659
11557734
11563975
11564708
11564734
11574071
11577096
11579085
11583622
11585837
11593413
11604393
11604491
11604510
11606067
11606584
11673466
11675505
11677226
11677266
11679716
11682477
11689439
11689711
11701129
11706994
11707406
11713246
11713280
11717349
11719502
11723108
11723111
11723829
11724780
11726284
11729123
11729179
11731414
11732925
11733063
11734559
11739186
11739292
11740493
11741094
11741533
11741535
11741536
11741882
11744745
11749387
11751877
11752425
11752427
11753562
11772397
11772996
11773063
11773080
11779461
11781833
11782491
11786537
11788593
11790768
11796223
11805089
11809760
11809767
11809795
11809827
11809855
11810239
11811553
11812771
11813001
11836244
11844788
11846792
11847117
11847121
11850617
11854496
11856369
11859412
11860271
11865065
11875078
11877382
11879191
11880203
11882681
11883935
11883949
11894785
11895474
11895774
11896143
11897402
11897496
11897784
11904294
11904443
11909874
11909964
11912133
11912188
11914130
1191677
11917136
11918673
11923233
11923282
11927540
11933159
11934878
11934902
11940606
11941372
11943200
11943769
11943866
11955435
11964068
11967229
11969286
11970948
11978810
11980664
11983166
11983427
11983697
11984840
11986303
11991981
12000743
12000752
12000790
12021391
12021776
12038972
12040031
12045258
12047556
12049736
12050114
12051694
12051739
12055185
12058027
12059963
12060738
12060767
12062094
12063245
12065290
12065600
12065642
12069755
12076252
12077120
12077138
12077183
12077184
12081505
12082080
12082625
12087100
12093291
12095911
12096113
12096713
12097319
12108949
12114518
12114545
12123571
12123582
12124936
12130654
12133000
12133854
12134064
12134069
12138194
12140753
12140757
12144526
12145319
12147288
12149261
12151522
12165491
12167624
12167698
12169689
12171600
12173909
12177195
12181444
12185072
12185584
12186630
12193595
12194871
12196520
12198130
12200418
12202491
12204117
12213321
12213825
12220224
12220640
12221079
12223548
12225289
12226092
12226093
12230568
12231506
12234931
12235133
12235206
12237126
12239280
12242151
12244060
12244301
12244302
12269802
12297294
12324455
12351631
12351702
12356758
12359212
12359306
12359732
12367505
12370410
12370809
12372837
12377772
12379180
12379484
12379650
12379661
12391145
12392933
12403770
12409307
12410316
12411494
12414730
12414794
12419227
12421349
12421830
12422220
12423237
12429016
12435275
12435397
12438236
12441002
12441055
12441334
12441351
12446661
12446734
12446764
12447358
12447442
12450408
12451113
12453877
12456642
12458200
12464284
12468532
12468540
12473645
12475968
12478298
12480533
12482967
12485399
12488245
12495628
12499277
12502714
12505616
12505989
12509440
12509442
12511230
12511603
12514131
12514169
12515807
12522243
12527906
12529334
12529391
12531427
12534294
12539232
12540962
12546821
12548554
12551902
12551921
12551973
12554736
12554790
12556467
12560341
12560483
12563012
12564933
12565829
12565884
12571245
12571246
12573484
12574113
12574114
12574116
12574403
12581877
12582176
12588874
12588979
12588998
12590147
12590608
12590938
12601176
12604330
12606058
12609872
12609978
12609995
12613668
12620188
12620189
12621058
12624089
12624099
12628006
12630910
12631274
12637538
12637568
12639913
12639954
12642482
12644458
12644574
12645522
12646135
12646273
12646569
12646642
12649176
12659875
12660156
12665592
12678917
12682077
12682249
12684542
12687620
12700239
12700345
12704183
12705825
12705864
12714746
12716456
12717439
12719431
12719581
12721291
12727876
12734179
12734188
12738763
12740219
12740371
12741986
12748178
12748290
12761161
12761204
12761892
12764129
12767944
12771378
12787574
12788074
12788948
12791272
12801888
12802051
12802054
12804768
12805238
12808055
12808096
12809504
12809513
12809553
12810529
12812918
12812981
1281449
12815048
12818425
12819195
12824186
12829703
12832043
12832072
12832404
12837246
12837631
12840026
12841360
12843408
12845332
12850569
12851456
12855954
12860119
12867433
12869555
12869563
12872159
12874320
12878206
12882974
12899627
12899834
12900404
12900408
12900447
12907171
12907657
12907805
12909021
12909625
12917685
12919947
12920028
12928489
12930972
12935886
12941475
12941928
12941954
12944463
12947093
12947224
12949490
12970180
12972613
12973359
12974676
1301998
1302020
1311408
1312697
1314426
1319186
1320022
1321150
1323140
1323869
13249225
1327754
1333052
1334482
1353482
1354242
1359877
13679147
1370476
1374909
1377674
1381507
1386496
1390635
13934212
1396589
1406653
1410807
1421571
1425574
1426245
1429884
1445393
14500543
14500571
14506247
14507913
14514795
14517246
14517247
14517323
14521721
14521915
14532002
14532106
14532121
14551136
14555991
14555995
14555996
14556242
14557263
14560001
14565864
14579119
14580335
14581476
14581488
14583092
14583461
14585975
14592950
14592972
14593099
14594814
14597575
14599745
14600263
14602047
14604990
14611643
14612426
14613536
14624252
14625304
14625384
14627435
14628042
14633607
14633680
14633703
14633983
14637146
14643926
14645010
14645242
14647039
14647465
1465133
14653998
14654779
14654783
14657255
14657364
14657655
14660640
14662762
14665442
14668344
14670973
14673001
14676213
14678993
14679308
14680475
14680817
14681859
14684737
14687547
14688233
1469047
14690516
14697231
14697653
14699148
14699166
14701740
14701748
14707121
14707126
14707138
14709404
14709557
14712210
14712216
14715536
14718570
14722118
14722157
14722251
14724282
14725621
14725767
14729945
14731402
14732590
14742446
14744022
14744793
14749215
14750955
14754994
14761950
14762106
14768064
14871926
14946611
14960583
14966190
14966518
14973229
14976183
14977528
14978216
14981079
14983052
14985336
14987380
14988404
14990580
14990993
14990995
14991569
14992595
14993214
14993270
15002035
15005626
15006353
15006641
15007167
150091
15010460
15020233
15023990
15024053
15024089
15024426
15031289
15033481
15034010
15034873
15034923
15035643
15037617
15037618
15039423
15047168
15051545
15051728
15051889
15054476
15056655
15059887
15059947
15059963
15063792
15064408
15064744
15065869
15066279
15068801
15069079
15070900
15071113
15071501
15073167
15073527
15077113
15077114
15082759
15082783
15082798
15084284
15084291
15093545
15094778
15096212
15096628
15098027
15102843
15103634
15107581
15108311
15109498
15116089
15117938
15121840
15121854
15121858
15121866
15128745
15130468
15131019
15133036
15133039
15134832
15136572
15146166
15147216
15148686
15149596
15149602
15150837
15153524
15161928
15169778
15173171
15173187
15173573
15175154
15175348
15178317
15183529
15184383
15184667
15187024
15190058
15190208
15194120
15194502
15197272
15199052
15201341
15205349
15205468
15207250
15209507
15219672
15221008
15225553
15226371
15226424
15228085
15229649
15231831
15238362
15239670
15241487
15242332
15242616
15247228
15249677
15252116
15258589
15262992
15263083
15269224
15271984
15273717
15274135
15280197
15280375
15281913
15282614
15284350
15287743
15288510
15289327
15292219
15294163
15299023
15299025
15300262
15308678
15308689
15310280
15313190
15313887
15314172
15316068
1531728
15319269
15322105
15326477
15327777
15328002
15333633
15339926
15340048
15342248
15342622
15342649
15342783
15345777
15349822
1535687
15364924
15367680
15367694
15368451
15371448
15374885
15379540
15380092
15380241
15383280
15448695
15456853
15459123
15461588
15461589
15465011
15465029
15465812
15468306
15470142
15471854
15474498
15475446
15475455
15475516
15483056
15485852
15485879
15485924
15486195
15488185
15488187
15489856
15492225
15492824
15494207
15494305
15494497
15496460
15505410
15510216
15511225
15514971
15516339
15516694
15520196
15522227
15522988
15523052
15525603
15528241
15531928
15534005
15537572
15537644
15537647
15537652
15539154
15539760
15541657
15542598
15545998
15546864
15546878
15546990
15548227
15548520
15548533
15549133
15550393
15558029
1556153
15561800
15562026
15564375
15567063
15568017
15568999
15569154
15569672
15570572
15572036
15574597
15576491
15577206
15577943
15580268
15580655
15581903
15584898
15585822
15590671
15591024
15604152
15604256
15604283
15605001
15605363
15609342
15610029
15610069
15611095
15611134
15611135
15611664
15614771
15618221
15621037
15621723
15623571
15629896
15630414
15632071
15632195
15634006
15636585
15642694
15643423
15647351
15650026
15652175
15657037
15657136
15657435