unique.EBI_GOA_nonIntAct.pubid.
19144871
17584769
9722567
15207693
8524305
8006019
8114739
8001816
8741839
8078588
18495667
12223541
9596688
17955262
12429846
4066749
19478182
11005381
21597468
17897941
14743216
11526476
16108830
8441377
23969831
20858735
19174163
18082603
22720776
17289661
11438518
9271120
19372219
16845383
15144954
16023600
21333377
10608892
9529249
22869143
17290220
18382127
15577914
15313915
8875929
15878855
20173098
19483087
16173922
12915590
18566590
17577209
15262991
24337748
9537418
20622854
11486038
11418595
17704056
16360038
21653699
19124461
16569215
19343227
11909973
21504830
9447963
9237760
21296756
12217689
14970218
21873977
18280240
11742995
17377532
9751710
10856244
11965546
10207087
14709540
12107182
12839573
20610380
18782775
15611082
21177872
17178715
8621446
18838386
16924111
2123466
19505873
16540471
17110593
19329486
19743876
19737927
17234882
11786550
11274188
12763866
18320585
26687479
19736317
18191611
15523054
19274063
12682293
10212244
11343649
21957239
15505207
12958153
12915445
25869668
21233288
22543976
12821674
18287027
19486338
11160896
16043483
15466416
10748098
20590529
15567413
21106534
17827154
16580865
12719424
15632189
25918224
9763420
26321640
15197175
16236794
16431929
11782313
19468300
11389077
14752053
16311606
20861012
8665956
19269366
20531236
7983064
17130167
10391891
12176973
21062920
16314316
1333056
7680413
23027862
15299019
8980223
19922791
19451274
19801649
12604780
9660753
19432394
19359471
17567603
10473615
16611985
11136718
10666337
11062478
8440710
17081159
24676634
9178767
21575608
11375975
12482924
19632184
19932097
8373352
15016828
10597310
19324893
12826010
16540119
10373550
15897867
11568182
10856240
10026210
15657086
16890161
17287217
25006397
24089527
19052258
11294831
15703204
19931615
12852865
20122998
18923542
17848177
16951145
25893292
15199122
19187761
15960975
19556245
11313484
12958365
18184661
11157754
10746731
26504087
14688365
11290596
18718938
14764453
8652557
7663514
22466612
16107709
7664335
8999876
10944529
16246722
10605026
18802093
1538751
15518576
16573520
15601829
19103749
7739562
17000776
15029197
25411248
11931769
10660609
15799966
16452207
1493333
15140884
18040287
15465828
19058135
14624448
10521409
10498867
14600157
20164180
17183367
12748188
10849440
15125834
15489227
18212740
11387332
17785205
15362974
20351172
21135095
10523622
16513844
24423872
12054647
17284590
17468741
10497213
23563491
21667063
16884690
19116314
15795121
11101851
25985737
11823422
10079256
12441302
22304967
26235987
20887964
15254234
8242742
18436533
11266516
17077324
12676986
11953308
9079630
19172738
23572552
16728661
17255105
15474493
10477523
16582099
24728990
12207887
9285683
11834744
10671565
19494199
16803572
8649368
14688263
10822899
21637765
15077193
11331870
18497331
19118217
17026959
16792529
15707389
12893243
11755531
17313651
18190796
19648967
9294197
16676348
17047094
17997397
17088255
19059439
12628935
16940418
10713049
10948194
7539425
21784977
15950651
15133037
18604210
7493946
16254138
26742426
10540326
16339535
19509291
15046600
8892607
15539407
15687260
9847399
24105744
23303788
10713164
16287852
21102556
16510869
16530044
9874765
21556048
15486975
18588859
7634325
10627473
12874834
10973986
8855266
22506049
17895247
16943429
23509288
23393192
20154705
26323318
12242698
9461559
8675009
22641345
19995904
15665856
21252223
25642963
17515903
11597317
20871616
11309417
23754376
22153967
20729832
9396801
16756962
25585578
19010321
16571602
25464849
11157796
10556305
24658146
16407062
15381419
18936162
18093976
15380484
7489725
12837692
15105503
19147588
16631117
19234109
16721827
15165854
16754661
20164257
17724469
12154091
21402783
23885123
19332538
11734628
18823282
11042084
25106868
18326031
15687258
9045636
10913193
26900580
20300062
16608847
14752512
11574543
12732850
16113678
11278245
11571294
17052454
10753914
15705586
9111042
20541605
11161816
11060313
11714801
21081150
11126360
15901672
11971963
9660918
20010695
21639858
11054413
12667443
12011449
14739602
10837489
19667065
11463391
21840391
25296756
15110758
21036904
24113155
21145489
12167606
14970196
17332754
11238452
25898167
19861499
11915042
19955185
9653119
24043310
10026169
10587647
20333297
18635818
8626514
17326667
15798186
9885563
12901880
19943616
11309420
11171996
19160488
18434541
11390640
11114196
11842093
11005320
22688515
18838687
17498979
12483210
14522980
16489344
15194699
15796781
20421892
18167358
20332113
18045989
20178365
16781659
18347014
23060452
21903937
16213210
20819076
15383453
16507998
12186560
19836239
22002537
16286473
21949239
7503932
14609955
19648179
7478990
26382858
9111328
17190602
19968958
15509808
20019387
24939902
18487222
16864582
15075319
11073990
18160048
15674325
10722728
9194565
14645221
16652169
9862959
24413532
17872950
20228809
12435739
11430825
25219498
15890677
15588252
23999430
11581164
11349124
15843474
25245946
20018936
10518217
12750254
18722353
9887100
12586840
17403783
15261140
17185750
16417406
14699089
16002468
21102410
7590244
20399176
19564354
22065321
23676666
24643499
23331060
15146057
19706601
25911094
11237865
20543840
15692560
17030088
19299493
15528406
10692449
20613726
21062895
22586105
20643351
18629613
21224381
25186459
19275936
25281747
21463633
8995352
16361248
16687403
22368283
11950834
10700282
21725316
19282672
11459826
15525512
17443180
12855681
16677249
15576373
17584736
14697235
15684392
20103767
10455171
16651416
17317851
17805299
14985081
20347427
16901786
19366691
24806965
11741979
10574923
11739746
9442054
11777942
17932509
10821867
12370829
19494114
23604317
23108400
14516276
11356191
23747254
17579517
23564345
16636664
20447407
11466612
15696169
11728344
15121867
11279055
10521462
17389591
11777919
11907583
16449236
8922391
20551903
12970345
10656683
21615688
10859302
9341123
14699157
10779557
15263016
19118189
17332497
10646847
16415881
12762840
11438666
15870280
7729427
19846667
11739654
20516061
7954800
15272311
10381623
22292033
15868100
20436456
18371312
23109420
1689011
7721806
10830164
18502210
21199877
18986304
17932490
19525978
16751106
21212262
21512132
10366446
16816390
19349376
18632609
17526652
21371431
9208847
20601428
16326698
25564561
12244100
9308237
20595234
16339847
15882967
12270937
19893624
19419966
20174559
23871208
16417580
17984088
10449787
19061646
18439900
18663353
17028174
18403135
20219900
25661920
12040021
12923177
22246324
12869526
23245322
9230084
15060152
18838381
23541532
20740007
20932473
11864573
12189148
24625804
25766321
16278681
18716323
10442631
16127453
9343261
21785459
15688372
11717445
21109225
22510408
23043106
11121037
17540172
21549307
15502821
8663349
19486527
20850016
9636147
9636146
21104395
20086174
20231902
18362890
19536132
11278995
12732143
11931768
17906693
18448674
8046333
25631937
10196175
21976273
24098149
8752214
18981471
18022367
16495226
10200259
19273613
10527948
12006501
20133940
18022368
20959461
20424263
18675275
21170338
24657165
18060868
23665872
27029610
18588921
8649363
14701856
16709599
21220346
10567391
17664281
12134079
15471887
22261744
10597290
21132015
16880511
16452482
18710941
11375976
20864032
22977523
15722337
18953687
11329063
24970816
21965678
22926524
19805145
15946952
16580887
17245430
25728771
16702210
12052894
19162039
18374649
24375412
20173330
10490659
23023331
11964381
16129784
11095689
20932478
20926685
19074270
14676194
18591664
19786618
17389648
9259561
17396150
24095731
9809069
9242410
16439205
14757743
23535298
22085962
19706418
20546900
18502753
18264092
14580338
15265687
10531379
15280379
17704059
26529257
15644318
20230755
10652353
19643732
12857724
18174455
22895187
22575959
16873067
10873601
10728666
8774881
9111321
14612439
15781469
11278302
9732876
9311995
17099224
19135894
9256479
26878725
9707553
17469184
18832382
18568018
16395405
21849505
16123224
15665297
19153467
23382074
23589030
16491119
22178386
14676191
23274085
25126726
25127057
24089205
20357094
17580304
20168092
26347139
25686248
20095964
20179103
11533658
10037602
19122240
11470801
18628984
14657349
17368478
16271312
12150926
17449468
8612133
10356400
26559832
9044836
7538908
18450452
25736436
21887730
18936100
17636019
12670868
19497860
20363964
15361834
18854353
19049980
16731528
11259576
11641274
12202768
16306601
11863372
17172643
11553631
15509593
18850004
21030595
16964284
10846170
18093978
17996965
12590135
10898795
18974119
19182791
20668654
23283722
22514276
20978158
10226031
19619559
16321656
10545951
12809519
15123714
12525172
9192675
15692563
10097141
19801576
9171830
15361859
14557245
12740388
8626687
18627766
12694406
10722740
16102918
9569025
21299499
17905723
11463338
22464749
20418871
25996873
26322679
19619496
19935774
22719997
11102511
11279102
16257970
16854980
27018598
12837694
15998640
18644861
18826954
18929646
18203720
12504025
21778237
25270598
18397884
19261606
18573101
16964240
14729977
19377511
10646860
11684014
14500717
20736167
14593110
19561609
11331587
9811851
22228099
22511774
21808068
18281375
22779914
14517293
9872992
8622651
20100835
20599712
25662211
19059247
19165146
21454712
12571280
15328537
10852826
21859714
15870275
15047853
24407287
12045205
16568091
15572663
11445587
17438371
8692842
9748234
15140941
12145306
16990611
21402151
14608379
22012619
15703215
11903063
17442826
11297527
24162852
11956183
12950167
12592373
9417121
10988290
18341635
10767429
23940118
7592992
17559062
25825154
16043514
17353269
16738141
18047794
17510365
19424503
17015834
11169732
20563667
20395446
19041750
21048939
15182672
25185265
19945174
19555689
15775968
16137684
15649318
15975580
16611247
18636086
16281057
17600090
24882218
20188669
22988243
16030011
17715146
17611195
21639834
12181313
17961633
18203716
10783163
19608030
24867236
18922795
22797915
9722614
17828275
15107855
17532294
25272277
15988025
18850719
19170105
9342359
26627825
24700464
22282019
15574754
21119006
22452784
9020138
7544399
16076904
17987659
26567527
18160438
19388021
16302980
20088931
7854420
18760998
24056301
21962518
19270696
23182941
23878393
12535671
15829567
18172165
16086026
11827972
19131340
19666841
15217910
21167176
20042427
17060380
26392562
18184654
17592081
24998131
16820410
16438930
19553469
23091055
19822672
16271702
8999861
16793548
22045699
23884412
19220705
18711448
22908223
12062447
20308324
20208519
25340845
12194817
12672959
18001824
20008512
17280616
15908796
12400006
12930902
11877377
11590136
12039952
11443112
20096447
19398555
25861989
10484328
11852086
19223394
19074135
18809583
16441665
16815308
18672106
18677313
12429738
10930463
14980500
15509781
12888622
9560245
12884866
15069192
17479112
18485706
19644445
21532585
17192269
18816594
11984006
22500989
22084111
22701565
15282309
17892483
24793696
21572988
18206972
23000965
21628590
21673012
18307982
14506250
10321247
15314151
24526689
12138188
23104054
22009739
11812149
21876179
15474016
14749390
11237770
11342538
25612671
10859313
24891604
22328087
17628813
21565611
24784001
24219289
19478074
18281296
10491193
11870209
9697774
12832520
10721722
9365277
15466936
15033494
19386136
19833728
15861126
24623306
18827015
18000879
17574030
14520415
25074808
24550735
21075214
12438620
19874820
15790595
15899872
8663237
15378032
17562788
17998332
18838538
10572067
9419975
11867753
18334220
9422736
20709745
7673236
14583192
7542763
19881509
15590694
12692129
20231292
14557246
21266351
15145941
15987997
16880211
20946353
26522472
15317749
17686645
25385835
15141091
19497856
12421953
15257753
15919756
15899866
9045704
9695952
10744685
12676957
7824954
10409738
19596235
17055345
10984620
16730175
15657433
9326950
25620558
14690602
15181449
20655466
18579750
19324877
10478845
18798693
16456542
11285285
17242191
12444019
10848577
1040062
11684708
23429285
18555783
17452327
15973356
19820710
25557550
17254542
17641689
19497978
24245781
18391015
19786558
23675531
10826496
11782456
15657077
11809807
15545268
10749989
22525271
20826270
22948661
21646404
19553473
11943150
26485573
15631994
10773885
21820309
19543227
15629724
17632515
14517288
19674970
11387329
11460167
10094049
23492904
12913096
17363140
21454491
15367689
12578355
16200078
15107821
21599657
9892009
15647271
16751101
21947082
19289081
12764135
8980228
9702198
20129061
17292623
9865696
9389648
24627487
9436979
12874272
11278251
24554596
20946875
17216128
19892943
25329316
19804848
17014843
17873903
15694336
21474709
12021245
12070119
8576131
20717956
24006491
16179254
24474760
14715251
15485874
11584266
18922472
11256947
14532282
9388210
23027130
16738539
12007189
12907669
20228790
20188095
16331689
20974804
17264123
7667268
8954125
17463251
20852621
9383998
22170608
19238144
20223979
23483889
21283629
19776015
16260607
19235893
7517217
9829970
17636026
15601843
9171108
15961414
15123683
20596610
20074556
9620797
20870722
12604605
16512877
21041309
9843949
9305852
15459722
19748891
12730201
15169763
14561889
21295486
11283611
11714716
12975319
16087681
12065586
19515850
26700805
17023415
8774846
19911255
19717472
15695812
24899725
18658046
25974097
12239177
7539918
9079689
18775313
23469069
24681946
20889502
22128162
8242750
15671017
14750901
25615412
20498094
16115876
11923310
15364907
17684057
17786215
11086001
23349812
18752060
19233132
12963375
14761963
9484778
26168012
25764979
22228767
21081504
10426993
21111234
19907496
17113138
22863007
21633164
19592253
24736947
16980960
19536135
22615920
22815884
21727895
17804805
19854130
22763445
22637480
17696781
16600381
17493635
22002062
20613862
19017811
22466611
10638746
15880641
25018096
22940612
22948820
22354992
21914794
20148032
12469119
16364915
16699599
20616046
20584987
20543818
18158319
19357398
14982987
15142865
14530355
12391317
19017631
16085652
11389840
18391022
22915799
24336208
20124439
27478939
26049106
25936801
15619032
15661735
21393573
14561895
25027557
22267086
18172500
19460342
21329882
18787122
21359175
18195106
17543864
18243103
20668094
24790029
12393858
18029400
18429820
12359715
22407294
20080638
16327777
24682284
18596123
16684779
17994011
15920471
11675338
12483298
23887938
25931565
15234972
19289083
23769672
19815549
12411443
19056683
22470510
19528298
12887892
15213244
15126506
12620231
17726514
23932781
25789606
16809771
23230272
11408570
21791617
26021297
23530209
12706874
11593398
9016636
21187284
19595721
19596236
19595722
18346465
23756462
19509288
9712840
20347429
18266782
18443421
18936157
22036506
24560927
26387864
24739963
27309808
19203578
22373579
20697954
19377461
12651155
26235030
17505058
21986944
14970199
19797053
16054032
12138164
12424224
17190795
12217962
17292328
19580544
20719964
15064722
12150925
24036451
25657994
17386266
23027611
19211835
16275750
20182505
18633336
22446626
20160719
23398316
20074560
19218236
18235501
24824780
18297069
20685960
15878329
19955572
20679435
16464467
15967112
26711011
24019521
14961121
19154410
24385426
24764305
22055184
23596323
19864458
21795389
24939912
16682347
15841212
24362026
18498745
19124746
18802077
9842885
20008523
20702625
22802125
19072540
10347172
1927703
19277043
20696397
16154161
12927815
20596670
15469942
19571038
25203508
17412687
21512573
19409814
11410595
23932780
16335786
23103912
18620547
18799622
25355947
20237237
23563313
14685266
17309234
18305112
20695905
12421765
18298843
17823310
20844236
23299888
20829486
11311560
17110379
12581788
19057511
12401809
22128170
22246503
25936802
17686488
26812018
19234194
17828305
19350017
26820536
24726359
23251453
16354688
25661773
21280149
17452316
22848640
22081141
22580899
17461796
22493497
23015594
19103604
19410545
19410544
11991719
19417104
20059949
19524571
16129689
26134560
24768540
22730302
17894550
21685886
23101630
24430870
27184846
23178883
27099988
23954414
14617358
7504174
21805089
15016378
20625391
16880209
16051670
18396275
11801724
16636067
15525354
22965878
25311788
24275647
23569223
19416851
12065429
15668232
23091066
17981135
17872946
9285411
21213105
11907092
21231916
23454188
22012985
22928037
18765639
17006958
18680169
15652350
15840657
19075014
18082604
17310276
12917342
12192000
12093740
11574150
16669787
19446321
21800163
19168546
9915833
19250909
19666599
12151104
21264221
25751282
16934922
17965014
19720873
25239945
17658481
15240696
23664119
19001501
11751921
10427098
12191018
12019270
25363763
24336289
24425863
22624035
22002246
20551172
18838552
23486064
19363159
19424180
11739384
20531386
16714279
17108971
10764676
12651854
20200153
18616680
26972053
12032852
9660748
15488758
11350957
19819225
22155184
17360565
16980613
23847209
23990668
26411495
17363900
22660413
23924735
22547407
12860994
14505570
19520058
19706535
11883939
14519844
18256029
21524097
19828450
20829348
21930792
23045692
26502055
16714285
26906412
17093495
18669861
12176013
19723756
20705609
12297508
21205830
20533308
19687231
11018022
17412961
21385873
11598191
23921388
12656673
11748230
21102408
16815977
20200447
19665976
11741985
21957124
21527675
9115275
20440071
19933576
15671068
19423554
23872636
17182002
12482870
17047063
24736845
20801214
12826659
18722174
20176811
26321680
11846417
18310072
15582318
7607248
9501083
11717165
9642272
17121812
22609986
7555706
11694877
19115315
11505339
12072434
12442002
12183465
18335541
11598190
23843640
17956946
14636577
20930030
25659576
23091056
12773567
21659603
20080954
24567399
12029088
19188440
19117993
19815555
17556371
10934204
23251525
25260657
25852083
12543801
16162817
12226091
9580671
18692468
17658474
18381890
10806479
10585443
19822669
15546612
11390662
17317671
18180299
27385586
24603492
20923837
19524542
19934218
16449189
9348540
19306925
11483512
10793132
17911601
17855360
16407538
24001769
16174740
20212317
9845526
19011627
17622474
16574648
19843518
11279242
19126643
11717438
17921453
23040497
17466626
21914818
15205472
19210544
16488887
15143342
19264593
18815287
10428834
21539536
18316612
23431171
25780553
18688255
19506020
19124016
12297500
19651899
23897819
8684459
21723284
19430481
9990021
27144394
11039935
9506951
16298999
20877282
15218527
18335997
12878203
12709365
11096100
18716619
16946708
17825285
7559382
9722633
14734547
17681147
16488880
18362360
19150429
21829167
11544179
9620853
12663659
17050680
15234121
14988427
20864106
9891079
11238380
17646400
17270021
9973195
10949025
16126846
10704444
9653144
8858165
19124606
19043560
20392859
11571281
18451177
21659512
24424410
21811243
17030191
20412773
12805222
25557784
11113207
26359454
10330181
19465938
10644691
20227366
16322459
24607389
25172512
25266658
12093161
11923872
16964248
21745816
18452648
21215777
17360703
26347403
18337501
17000779
17409385
20177058
15064403
18757723
17873522
15103331
24344117
24000165
17434132
12628165
17558397
22064484
15713669
11504738
16034420
11861901
16251969
17261586
20538592
18591963
23399697
19407830
14565952
12907594
15308636
22916032
19732766
20829357
19233263
22421968
17900240
17658461
24475127
24095276
15380063
19648609
17237767
20923965
19109425
19111657
22728873
20221403
23784006
16314844
15044100
11701125
19393617
24415760
15381700
19265708
21119197
23708998
12809501
11696366
19533040
19070575
20308323
15632002
19100260
23283981
21508961
17190814
18421703
16140270
25278552
16729033
16239144
21531335
24215460
19818707
15837803
21617041
25803835
23529131
19419997
12032142
17959831
9566969
19255495
23307288
19564938
20053669
16920955
19358823
16720576
19468067
15469825
21807113
19934257
22956909
20027304
11672523
12006491
17140400
19273536
16225668
23453807
21455181
21455173
21455180
15467728
20921223
16531398
11679576
10411904
15520177
17588722
20654576
18005716
15048733
17105772
18499658
17475214
22939629
17030513
20725033
18954305
14980502
21543490
16973552
18606141
12447383
25231979
12655004
20937905
12689593
20959462
16291752
17010938
23171048
22978549
21917916
21055983
21055985
21055984
20826455
22527283
16601202
16618814
17509819
20228063
20018847
16162815
10209036
20303269
18805794
18331720
22286099
14672934
15358861
14627703
9647693
17028573
20491914
19116316
20068034
23576762
23453970
19223857
15790566
24357581
21063390
24814515
21362556
19966869
14668352
12477722
21224891
25398945
19166349
12459492
20118233
20733053
11162587
16157300
16600869
12915402
24549040
25192045
14532270
19883659
15713661
15713662
26876937
21078300
26071602
19151759
17145773
17599059
22431521
18272684
16525121
19337385
15030775
22801494
22461501
11823430
10833507
12019210
27138255
18533145
26212789
15781263
19043414
17719541
21952639
18577513
11244092
19664597
22024150
26167768
24561620
15247254
19135427
17409436
19158340
21278163
21725319
24344282
27460146
18160348
19553991
23452853
14592989
19561611
11168587
16464232
21402792
19197158
20427313
21418524
17595531
16275910
23943788
19261748
17643121
19261749
17525340
17980171
17360195
14739292
16714539
16203728
15252009
12791994
12743605
15775988
17724128
15304510
15750338
11546806
12659830
15670210
17888034
12220523
12421467
17087506
24114805
11278317
25941166
20466722
25689719
19141475
17803295
18451802
12150998
22783022
23789104
12972596
16263087
18586956
20797633
17673620
22945642
22131369
25466284
21828274
11802795
18434575
17398095
7671825
9820813
16714294
10369680
22302990
16632486
11477070
22683601
19822128
21097510
24947010
19703902
15983381
23743200
19229105
24851274
19234442
14985763
10085125
23674134
20551055
21149639
17115030
19706687
12088286
25651887
16122393
19284995
11432880
12746488
16145699
12845333
24000169
12499378
11431700
14976184
14985359
12853476
10359819
21328542
19116139
21746876
17008324
11302691
15326225
10359610
15897895
10884395
14500360
8999038
11350981
15035633
8901634
11092768
12023369
20674765
12813029
12556535
11060035
19957260
12612071
9685346
15385555
10814712
15663938
17097639
18602463
17392519
23822091
19759395
15265711
15782130
15184379
20002784
19150984
21041660
11278501
17289077
18288197
20660631
14530373
20716579
18077445
18296735
25339443
19208626
17229889
15611048
18077552
15218037
11756406
21264284
20639889
24011356
20951827
10366599
12011095
15685448
19854831
11278759
24316379
19948740
19509286
11163772
19460357
8663146
16051612
25284789
9305631
19269966
23136403
15919751
21172805
11773029
11773026
19188438
15169895
10597287
22194607
25893289
16002409
12163479
18093912
11799244
11172725
21177249
19683501
25589350
20816094
17344420
19188445
23892143
14585971
9540062
21471202
15908424
15215856
17000876
20100911
16618118
16027158
14607844
18026120
19410547
24385928
19597335
15133513
12768206
19487455
26213385
16424369
16037064
20489202
10940294
16007136
19480662
18776082
25631046
12925569
15731013
21329877
22099306
21391237
10831612
19463981
17213197
25574025
11513728
25484098
22652780
17360971
23541896
21561863
16186510
18675248
19179534
20351177
25467444
26184334
19937093
16157600
15357836
20562916
16581800
14718544
23026136
24981174
23277564
18851962
24554434
9647649
10880350
10751153
26321642
17102137
21131973
9710638
25443296
19801630
12628928
16934801
21343338
24610814
16357325
11259443
11782431
23401559
11301010
14576433
11371513
11374898
15194813
12878161
12470645
12409230
20952387
14576052
15496142
16507339
11278692
16809782
21138942
19880420
20798600
24475098
23376921
15990874
20501646
23459205
16176980
20603016
12874027
20603015
20603073
11278945
16809764
21975012
11669066
12234973
15811952
18423201
12117771
21068237
11342549
12725730
26571211
16239304
16083853
20116244
20434986
21156324
22328336
17210637
21669198
17003112
16138900
16893456
18193033
12628926
19192391
18824549
20463223
11331580
24012345
16920951
18368049
11075807
11472070
16575408
11076957
15107016
22078707
25215947
21753002
10944119
15193144
17600710
17035248
20200478
15355958
26040720
15187094
25232951
20106978
16314870
12951069
12721286
21737686
14622290
21518874
14722116
20442417
21149567
16982797
12801912
23042607
22894931
22681887
23042605
22902628
11997512
9548260
19927127
24787902
25653167
10854325
16412388
11397809
11441107
16129829
18511905
25074804
16103226
12590651
19468302
14744859
11980910
20810658
9892355
15977068
16963496
11473582
18334480
19616629
16870176
11152476
11566096
25559186
19841138
20208530
15020713
16527810
11096062
9852036
21575909
22342342
17233914
11053425
20190753
23918659
21148287
24841563
18194665
10993894
21478859
21251231
19759537
19815520
22164283
19448668
14647468
24393035
21402694
18640093
26647308
20123734
19451233
12446779
23415655
14632196
23880345
17277772
21179510
21724833
23051622
18256285
21572392
21098032
19490146
21376736
14968113
16481012
11545741
12659632
14765125
19162005
11687586
21307346
17146433
17196169
11278427
17045351
12445460
19028668
18305108
17875931
11891219
25469238
23160351
9637251
19584355
20849813
20534451
19004829
21239494
17541814
23019224
22020326
19739119
19617897
12686595
25732820
19129479
11714725
20208542
19703396
11248244
17237226
20951941
14681208
18662541
16885022
20610558
11802782
15485858
20381137
14660641
22575674
11073942
12538589
22202456
24725409
12504082
12649290
16330323
14699129
15753091
15075345
11087742
17337451
23711367
24790089
11896061
20531387
11003675
20852615
1718282
19460345
16289642
27281194
12151385
22961380
18812475
14595443
15207848
12504588
15766526
18378692
20453063
17938208
25202031
27170179
20830743
12777399
11707463
12471024
11384996
26179146
19129480
17928862
11559748
11290418
20413580
16246332
22682227
23867755
11230181
22641697
18952056
15644320
23105106
18385515
16193069
17675666
19490898
20048159
10984498
11602640
15761148
23341447
17938197
16916645
23685356
15367675
19038973
18329849
22446187
15459234
15819698
11590178
11544294
12799190
15485867
23185017
18404153
12896982
10669759
24589551
19443654
16007074
12799378
14661054
16434966
17495026
15341735
25134987
21701560
17936702
18408754
17707234
9864353
14610074
16239925
20194617
18515364
26613940
19849849
19366692
15081113
16424001
15200957
18329369
12559088
15628841
21536684
24025447
11590176
16683188
10947987
24855057
12925853
10806482
22722849
19174463
19716789
21054786
20870719
18955030
17519354
18158288
18022563
19333378
10816584
11001934
18796614
10852956
15705566
10871379
19473992
10352183
10415337
14516784
11287421
21493962
10908344
18363965
16236806
19117008
18287330
20223217
11825910
19535340
16788062
9789013
26735137
15744309
19419956
25591774
12796489
17709427
21292163
9140394
11788820
10790433
19726677
12244051
21059936
27067600
19628817
16874301
16936636
18096616
17185389
15465831
14636569
24825908
10757788
10580117
10783144
7590236
22610794
20352051
12748171
18445477
15029241
18606703
23959892
10793131
19793863
19793862
11113139
10777584
18794347
19208651
11907036
25393282
22169477
26268696
10551805
20147294
20587513
25075345
10644686
24687993
12783849
15095401
21068390
11865310
11311936
24405750
12867595
24209621
21976701
16227268
9920726
20178991
16895911
20538909
17944866
17244820
12093360
19785988
12192039
12944466
16344550
11022048
12919680
16139227
15044455
24997988
25589784
11257124
19349281
23455478
20457750
20521842
19390626
18790802
17485487
22945289
12721663
18205602
19583955
17965019
19194479
18331714
17621308
22759634
22705370
22704558
22121117
19515853
21525241
17726152
21304492
17925383
11602598
25959673
26160915
16361107
12719376
15777695
15611625
11980914
12839962
21850687
16352719
16321986
21370995
19546860
20042602
12805363
12221107
23676467
22886302
23912460
22070227
9748258
18650384
17990980
26100909
20852630
23644468
20609497
19755710
18086858
16307923
19037095
23385818
21139582
24068323
22427331
19033661
20080667
19903888
19412162
22178883
17239822
22019427
22195968
15907802
14627543
14645522
16469704
19464661
16195351
11463333
16754721
19520869
21187075
12169691
18762581
20018762
21934712
16802858
21964062
23222540
23353889
21376232
18715871
16571679
19574390
22343915
22266823
22705371
11035016
15632202
9418870
26220856
18951082
16105984
10026197
8070403
10339567
16245368
9472046
21504906
18411309
18615013
18521620
20643644
20805473
19383767
15779907
23275545
20430826
24532714
15178420
15044608
15467718
19829708
19224921
14506290
20194751
23460338
20578903
24552833
16364318
12665582
15930137
17908927
16601693
21255413
23902688
25064856
16479011
23824326
21383061
22899725
15548590
15389287
12775718
16775013
23902687
21509660
18599441
23055042
20406883
25535373
16905101
19542231
15197186
20658517
19289574
18997780
23015756
19525971
20346438
10775504
16777843
15044383
14755728
14613930
15713480
16763195
12853982
18818105
21813773
17342765
12681488
18371931
12872122
23418306
16049014
12508107
19696148
18851979
19502560
19713937
20835237
15110773
21596315
15656913
20852261
25608530
15611116
17059562
26471130
22590560
21636303
21949850
23229899
12792813
18440304
23931754
11526121
10548487
10760291
12734196
12676087
12699629
15857955
17940095
11950846
19088451
22886303
15479433
19800048
20164195
23084991
27257257
16899818
19661379
22486638
12127981
11909961
9195899
18724357
19416887
23891469
23891471
23874500
22770216
12717444
19829063
15469992
19423707
20332121
19369211
23955340
14505576
12183469
17030804
16148947
15800062
12869515
17627937
18829467
17210636
16819511
16782053
10490823
11853878
16915281
14676841
16159959
24768539
18199683
17167422
17823127
9736630
10518561
17177976
12893824
19345329
23728299
12707266
19725078
8259215
19149898
15654337
20515468
18573880
10823891
7477378
7805846
24769206
18339631
11940666
12011067
22952693
12504904
8942985
11427529
11429708
10856833
12414623
9788596
14706347
14676842
16403449
17765923
8702565
22117195
12646565
7528772
11940607
23001182
12885943
20713593
9858576
9312027
17194691
15542288
8205619
14615289
15158451
10376527
15886194
12080348
22391447
11870224
23246001
15613468
19838216
18593906
11006133
22775292
11279118
15469983
9465063
16648475
18420587
20159986
11598133
17996703
18305167
10642508
20159449
9990509
17974916
16777071
16380380
18567582
25554515
17563371
17055998
25691535
20877310
18309292
24656866
17301077
16855024
21390327
11929858
19762596
19762597
18456656
20530484
9675072
9841880
7759950
7665574
10364267
16887930
1266503
12773562
11518808
11266503
7641693
21857942
19376773
10946292
11485744
18596036
11907111
15611078
9927660
12695522
18331830
9064337
22210915
11035932
17513457
9054445
16243292
15014438
9931005
9774442
16378096
22457824
16524428
15611106
16325578
15677469
7651420
7642639
10908348
11559703
15917222
11554781
15107404
15664994
16387653
15075323
18485748
16051604
17588949
12225811
18663000
20682768
16109918
12366396
21143716
11076969
9689133
9632714
12802065
7603572
9770488
10748169
12364343
16365045
19706605
11035810
9601641
21118991
18348280
15448698
8638126
24391509
9731200
15328371
20471958
8532526
12589063
22634751
15916964
9590181
24529708
10406457
18672896
19323649
16858403
8530382
16267761
10562279
10022913
21976670
19584060
11060344
10837480
19197237
15911627
21525035
21375735
10514471
23153535
17914456
11940670
10903890
15703209
11583995
22022388
10801852
19157941
11146660
15563843
15107825
12037672
14580347
9499409
12832472
23954377
10636900
19724273
12577318
9268363
16925951
9712853
15186776
18434237
1087798
20082125
21325134
12065415
11726552
19571879
20418909
21719596
12442171
10373512
9774970
17286961
15314155
16099937
15930293
11441023
21285374
10976766
10629049
9271389
16831874
10383454
16203735
15569306
17549790
15001559
12421915
10679098
8699119
25122636
20068036
12552091
16531006
11101505
12324418
25037568
20196769
7737196
10688651
17980165
11875111
12771131
15100213
14978040
15942031
10869435
17324944
10980193
11909529
15229216
7512369
15825084
7724559
8626665
11005803
11801590
16867992
17337445
10066731
19465398
18579533
12639966
16760428
15148369
18477460
12524548
17351640
18174154
12939256
20389280
9312003
18573874
17512523
18028908
19509056
20059950
26040712
20849418
10825162
11781842
11342215
24063750
22970133
12757932
15016912
16275645
9391075
20181953
9130722
9822378
20159592
15608617
19106094
9499402
18034775
12925710
12775584
21357679
10887186
22406640
11146632
15147878
12393874
19328063
17314412
10364224
9452483
10855792
22120668
15743842
22355679
26601954
18234674
25108285
26224785
23475612
17868029
11069302
15657060
12657635
15576473
16648481
17587566
16957052
10593953
10660125
18538659
19050011
15592458
11804585
21084288
19715730
11883941
18174172
10557084
18313787
20093360
22709416
12586838
19011241
24612608
23006999
15861136
17925226
12813048
19744555
16096638
15861129
12176995
12019269
21679769
20521334
12364586
12606627
11162547
9168119
25635054
2398277
10504338
19602593
9792704
19473982
21241890
17384681
11146101
11724934
23100250
17192268
17502619
8692999
16939420
23091277
12198146
16443932
12612085
10051605
11807099
8601310
2227411
10644702
17873885
14695475
19340006
22266820
21612406
20093472
11067852
10205158
9989505
12773094
9465039
9546397
9990067
1333888
2119582
7852346
22095670
21812984
18266911
10679025
7744965
10433554
12482592
16387659
21518769
12556489
20354225
16127172
10692436
16760425
3111527
10816420
9173976
7870181
15673284
11439185
20028976
10788521
9820826
10617598
15509780
20727515
17462998
15601896
17007872
16314389
18474616
1961752
18591255
17916086
11359771
10608844
15001359
16498633
15195100
24499793
16720724
11164950
15936278
10980613
8491186
8388384
12577067
12165565
10749975
19403692
27120771
10102273
16114898
12776193
9885291
17081985
21968017
18579519
15891768
22167198
17965411
20347421
10079194
15371445
9442029
17108144
11278757
20010870
19674157
14500341
20103773
12809483
9450929
19450230
11313457
19638400
7957210
10806205
11735257
19592636
21532592
17003263
11278816
10521492
10888878
16118314
24209753
9852145
12849983
11698390
22406621
11972058
15364909
14978041
12297051
12885770
17548643
15574124
12777757
26612202
7477295
19303849
18638486
18355445
14970227
18625725
12207026
16034137
10391676
12624109
15358233
7545673
15528998
14701728
22229724
15840814
17251190
11274402
20651253
15247260
8083232
20856870
9773776
20154138
20171186
11602612
16263090
12493738
16917092
12509449
7700386
15710329
21831839
12727915
1660465
15633604
9129046
10222032
24007983
379653
8159688
19861239
17470632
2536956
2542288
15498789
11959995
18835251
23358419
12110186
16054130
7984244
7913882
12804600
19166515
19683538
15735663
11353857
20829347
22080863
18819921
12359225
15702480
12015308
1326540
8370410
18974388
22923583
6444721
16461360
25190803
20348923
19016746
10766744
10471394
11513746
1312256
21135139
8441630
15988023
9700171
15070891
18028034
10320934
9885244
15163412
17470806
1830582
17158881
16605244
15292202
8622660
16682973
11478948
18940792
22682248
9837933
7650039
17229814
22454520
17344209
7544493
12082081
16403913
12737519
17296730
16516408
7926747
19675099
8666824
12882984
8119964
21392185
17426122
19917671
19764817
20237821
10023675
8196632
7938008
11733522
16198295
12697670
1465435
25336585
15207618
7680771
14670919
11244088
18227069
23382462
7957092
1672777
26980729
1448173
16280327
10362352
16951154
1713452
1677179
12453420
23826168
14607961
2157284
8618896
2176151
9219684
2122974
16291724
10692483
4044584
25666618
18322202
26460884
19285159
18223652
7590250
9858607
8625415
15053879
19224135
16844695
10830168
1711157
16832058
7556068
11278880
17498821
10800960
12524166
11919189
11289049
10525310
10812072
8953041
9722562
14643893
10727444
16234850
12815063
16289097
5668240
10068674
7592852
10066784
10510474
22427340
15563508
8197175
17720715
9013642
20304803
7642629
9278415
11238726
1400330
9360996
10913138
15628863
15950189
23911537
16814409
21871177
18973764
18045535
20605787
15518571
18952604
12570871
19167335
17245429
11909962
12470659
18591935
10571058
12741956
10938104
16153155
20484083
18445004
17156375
17712045
18417529
19917254
15700281
21536736
14992727
18550522
10075709
12361598
1840701
11283619
18281465
7890674
9707618
8753773
17986524
22300987
24732013
1672265
19223331
20889486
19285951
10077593
21320589
17292860
12223522
9468137
16195219
9859996
1911778
24220332
19255442
7844168
16182284
12643274
14640694
14766228
23644599
25038453
23696226
15294961
10426994
12324477
9177220
15272019
9032295
10954706
18794356
19706769
7594462
10900005
8101391
14684150
15448155
10692439
1311258
16135809
11118054
8621488
9207062
12524539
11809897
12808445
15056662
11306681
7782332
7537849
8276809
7541045
16344115
17609205
11453642
10777694
8083219
15186778
15705871
22253824
24735981
12804766
11717497
16950398
9305916
10026181
11571652
10660620
18424730
7559478
21960634
1674604
11023671
11149895
21383048
10869558
15626733
9570750
11080164
22274616
23007646
9448006
10669754
12402044
18298799
10502458
15067037
18509662
17929853
9092499
16696853
12492477
17060495
11298456
17077303
10993080
1378723
19004523
10551867
14722252
8078488
11094157
18973687
22269951
12486009
16870614
12177201
16882008
19270731
12150907
19713527
16417524
19262695
23823123
14966129
14756553
11994468
10734056
15764707
19996314
20332120
9784967
19536568
10518787
15538388
15454084
24270810
20124405
6698368
14507909
20123964
20360943
11590244
15905404
15304487
10825188
18356165
25807484
18593713
17761692
10861283
20178741
21047789
9488738
9765293
9328355
16386234
15790312
12807887
15062093
24187134
9295312
14508515
16186248
23325791
7642559
9774382
22761832
16554302
18930133
16608857
9435229
20660291
23529610
1417831
10022831
23792958
11847227
18234692
19368893
11399750
10681545
21668450
24904118
7890768
11389842
12919325
18243111
22344298
14580334
18758450
12393901
16049006
17068149
15953362
15625236
22351778
18402937
11956199
19549071
15590652
11943812
8944023
15965487
10026184
16266891
11716516
12829785
10052460
2414623
25476455
20826784
15998644
18782765
11402059
20596027
17126306
12588862
25091737
11724794
21730289
10835346
10102268
17848514
12526792
19240031
11448771
11433302
17214967
12972431
21059844
15941832
17121834
9915832
18628306
15485811
22864114
26373281
12915448
18070875
17540579
18167355
17921333
18650437
12084722
11162594
20605918
10913114
18395747
19196994
16336961
10081969
22508508
20023648
22366786
14966141
17094969
21364629
25298399
15590901
19889947
17567961
23220234
25666625
10644998
17052756
15125833
17408615
10049767
15680923
16959573
9726962
16790527
19996109
7756647
8044844
24520051
17909029
17115032
8617750
12009895
18046415
3279057
12855810
6323392
134998
19712047
15220341
16480936
6438154
9786936
21304106
10340997
14696115
7904248
3501295
2503541
8508955
12045255
15845869
16192646
14687906
10880251
11435418
15226301
12540846
2251898
15127951
6203523
18026102
7890620
9708738
17314511
11980706
10369681
22020336
7073684
16754747
15247411
2825030
9360546
1549776
8452530
12138094
7486703
2493728
2470098
18375391
2839553
16912226
8943244
19646995
16303126
10514485
1587806
8049247
7972031
7566652
8245722
7918467
7822297
16669616
21037097
9269765
11792823
2531657
11883904
18353247
20610401
12093804
20080953
17975005
22853951
15569929
2742853
3470787
2844223
8837777
25137548
17635946
21980503
15769988
11134179
20561914
17045821
12782713
9485181
11549596
9519411
9079671
11943773
7721887
21317932
9472015
18086682
24506068
18087040
16322561
19556538
15735003
12042318
3305576
11027149
15671290
17947299
10625657
16027166
18468999
16216233
21670307
16831868
2575216
12114510
17715127
1725227
9556620
7521127
9806903
12716892
18165900
10987820
11447109
10676904
15703214
9281591
12473654
15846844
14625311
8650207
15554700
7513706
9763511
9395244
15542589
10944455
10613832
11937060
12356317
1970422
10864933
21274509
11134351
24810856
17015463
17475909
22528486
11877390
17379830
12432080
12095988
21886777
14522961
15123695
9560162
20709014
12809493
17617578
19875381
11517336
17640867
18688696
3402455
12771217
9727029
12393522
6980881
15528465
9716128
12391161
25719862
19420356
3455766
16000376
12633863
19477270
10688667
8076607
8532530
23131994
11748232
8387495
15533940
11889126
16687573
26315405
16477012
9518481
9506968
21190939
11785969
14744861
17980597
19581926
21185309
12681486
22559944
20625543
15603737
12435627
16371461
19389374
17764085
15342639
11911826
11564821
15572661
17510388
19909775
16414017
16027218
19345326
18451096
10075738
16120611
16456540
11463392
20889974
23431138
25525879
23399914
21640708
9915850
20477988
19651900
16254212
16060676
15004192
20133753
10959840
15858258
16252006
11495720
11900540
3203386
12489690
16804161
15543136
15225546
8386828
8514802
23086448
1639850
19822757
7478590
12377759
11032836
20634491
17526494
15837424
17613531
10698492
20859650
20442317
11697903
17035250
9529250
24401374
21584310
18573314
26221034
17889673
19922874
19081074
24248101
14688793
10578051
17329248
26544806
19252480
15927146
16951149
19828435
12861026
16716191
15147511
16154903
9267021
22226966
19701182
16507993
19330022
20956529
11163757
15084260
10085091
18675823
14580337
18662907
19801554
10358091
22250199
21378169
16302269
11402072
19635168
18342854
18762808
16757520
10469568
19838211
19033385
14757770
16707496
10329152
12244321
17405131
12773388
10564279
16168377
11923311
15313628
11716503
23263282
9570313
25383878
11726277
24556617
18687924
24462187
24462186
10198256
9660858
10739172
23931759
12459498
20479262
15629158
16769890
11590439
15728840
12364339
10662543
15644324
23592795
14623119
21836059
12627223
16280320
10809664
16876117
12207886
22232211
11883899
11563910
11486045
22354037
22613832
9651585
10966616
19592703
19884660
23661684
14739301
12897152
18184589
19935646
17254600
17303076
15034937
20164921
25512613
16221885
11500496
11485998
18539146
20484494
17450153
17713477
15698540
12791267
11988738
20429931
12526743
15930302
16332694
20346720
14623864
15750601
17643419
10966108
18186648
11551959
15809331
17997975
20079715
22642810
21844891
17948057
15824061
16622205
26829648
17652161
18474358
17095513
10627046
11705926
18835984
12594264
11222859
12438350
3141278
14644612
12552007
11239468
15728831
20176812
20224733
9199349
11110689
21859974
17573339
18299578
12050162
9315665
9858528
11104755
16973135
12408825
17331723
7514177
21124868
9313898
25556234
12665524
23861867
12609975
19515777
15793001
11133832
15215304
21131967
22244329
20547752
10970864
15713657
14701818
10996799
8687460
10748198
21148103
18397886
19781630
7889570
11101889
9786953
19917054
8186264
18715506
15591535
24108124
25561520
24514761
10885742
16173921
15632136
12925958
14752510
27013495
22405274
15757906
11891224
10523841
17303075
24965446
17525370
15182229
19528316
9786416
11069105
23903368
17150957
16760386
14716005
15380363
12929931
15607035
22038483
19151705
24115439
9733768
9242699
20111005
9804427
16191204
10650002
9192623
17923693
20952656
16794074
10734093
21284946
19914239
11950598
9774341
10607567
18854139
16904636
19941651
15060076
16609867
12490564
16024801
19734906
19081374
15140878
15919722
15935060
11559788
14752048
11006275
23414759
10760273
16223735
25384971
12477932
18022370
16543246
18354201
9235896
11922617
21223964
12401812
21537345
15837422
11076961
16908842
10235259
19850579
17685441
16712798
23382219
24262037
23209302
10506127
9490028
11224527
17489864
24421332
11277703
9275162
19561640
9753634
20599664
10851083
10932185
19282290
11592977
20075868
11374864
17827210
23610558
21936910
16611232
15364941
21680841
23133559
21613214
21855797
19251649
11278372
10950869
9113979
19273615
18460465
12621437
15131124
17442889
20584908
9102401
24125847
9687515
16176937
19129481
21383079
20008558
25088257
16177824
24668814
12885772
22795130
18480549
15853774
20164183
22123818
20620605
18039968
19855388
12954732
10983972
21262840
12522145
26642240
21712384
19164528
16141316
17709412
22080952
16033967
15661737
23418353
15905402
18996344
16885419
21454501
21949390
16019084
19584911
21880741
16531414
19996097
19651892
17185417
18334637
11959862
12118011
11368788
18093521
20347422
11741830
24080158
17462603
10660608
21413931
16001084
20639532
22711986
26642364
11950833
17827149
18094328
17869268
21998198
22284616
22036607
12007404
24590075
2313285
16314513
19945436
18596030
17616579
23858059
15509766
15709751
22952234
18654668
11780064
14645515
20025850
7852312
7592869
12356718
10438528
19075018
22155231
24275656
21988961
19690162
20335166
10092230
7588285
12917409
11279105
15473865
18811945
17092608
17301242
16332960
24651726
26000482
26255671
16483597
11889139
16199874
15282281
19176627
20579884
18321853
22491470
17686842
16643855
26198635
20955178
17189189
20089649
17592138
20392206
11546872
20086093
23093934
12890864
17036048
12080054
9702189
22908308
17158868
19906925
10593895
11298454
20190815
15466860
11751867
17567694
18474624
15051727
22152002
24263861
26808496
25244949
21874017
17510063
17827158
15163635
24284068
15560782
22619279
21545355
18258429
14691137
18209100
18343844
15967462
11278869
21478148
18160478
19433866
25259925
11163258
24440909
17683935
16522193
11964378
24749734
18556652
18660803
18585357
17389232
18940603
12485990
10523642
22740689
19887681
16968699
15728724
25116364
26094769
25882817
15371430
14990717
18347093
15314180
21559518
16762926
20014101
25578880
18632794
22020285
12445808
15514116
19723503
16153597
19114594
12841360
10631289
10506149
10954424
19181664
15632077
21724987
17636018
21940441
15755723
15980432
18713863
11164898
19483306
11122379
16043488
26889034
11463856
19914172
16357133
22176891
9739079
21347310
12198491
22306998
21204022
18549481
16354670
24418534
26917763
24464040
21159966
21307259
17984325
14528014
23318951
20730103
20028034
10644344
15310755
20802536
17244647
10571240
18716025
10049357
12884308
9254056
12477726
10428842
10445846
11029007
16293227
15256501
11134028
23690594
19071119
17438131
11806752
10958665
21572390
12242305
20110566
15334056
9883737
19901339
18606705
19008232
19606496
22843687
9447983
12191471
12598619
15004034
16237761
10610177
11500362
8995684
11238466
10187771
7483825
10406962
15850461
19141279
14750955
10707087
22518138
10702287
22006950
18326817
14973488
11836526
27307198
25854864
11266449
21435037
19880448
10933715
24882364
18922797
15614436
16604073
17875921
11854298
21930779
21228480
10320340
12730195
21074459
15128762
10383425
19591803
8887666
19498170
12052855
12694198
16439480
12024036
21330551
15507453
8987992
9724539
10075717
11489891
11238441
10212229
7644498
17848569
20797626
10805756
14736873
11416136
15181016
15213231
15140879
12372285
9482734
10318824
11004522
11948190
9139699
19651776
11500056
23184943
11516652
9660973
7665092
12646231
10199403
17143286
17127621
15899885
17557114
12740379
18056528
16940172
14657239
16611630
17161867
12522210
18562541
19000816
16307917
12391307
11043578
16227582
18408734
11029585
19850744
9822603
16732323
15632291
17582331
9927201
14524621
12119014
10358090
11694516
23209303
11500381
15569683
18647839
10381392
11312657
11279199
10849009
9409784
16611632
11274149
21689717
7758455
7744867
12072504
18337750
8940110
18307834
6313412
2243771
10681527
16007207
9507024
15047845
12202038
12242332
8759016
2503252
7814632
19323994
11418466
2161540
24090929
24190966
19460168
18421303
7639691
19008854
12200142
16641295
10818209
20855594
14961764
1828071
10393239
12529373
9001252
18424554
11997177
9038203
12679338
11773402
7720589
11994286
15388334
9099729
15653687
19478087
8576199
20595389
15989969
20041225
17220277
17242280
11591728
20505824
8917507
22431641
11931770
15169890
16098226
18829453
16043515
14679154
15893726
25262680
20133804
10051602
986177
25193851
16203724
16530520
18325616
20862261
17275127
10570951
25122793
12730672
22726442
22406107
12376544
11742073
12855682
16373578
16501113
10684855
21281489
10675342
19023134
15563840
12408824
10330403
9054423
16885344
10669747
24039232
10523647
9012504
14710191
12047747
9783587
15459392
15820316
9528852
16327803
9326939
12724421
15743908
17464283
9628876
18567530
15039538
15084255
12941633
11375980
12890687
24019467
15606899
12604615
17878677
17079289
9880541
23935490
12356734
9817758
2960971
17599051
17182860
12706644
19897580
12622818
12867553
19850343
16303771
20129922
8782822
23589850
10611375
7831289
3262426
10922058
11470407
12414957
12243745
23542032
16006556
17626011
10727238
24043627
25157665
24141169
12228058
23729654
12058073
11861836
11179428
9299485
7859737
11285224
8794306
8681387
9153233
9351809
10394361
9624170
9620685
26538390
9685400
26593036
19141540
17567581
11336703
24101517
12576308
10498895
1332979
15615785
11201744
7753822
11931631
11961105
1310075
1326537
11223950
10531011
3064806
21667337
10843682
23663475
18482775
17468340
10355629
12297046
20086044
15550930
20042595
17620337
18691334
17140397
20933420
15734736
14756805
14562105
17055432
24385580
11805834
16760463
18669637
7681362
8702615
18663142
21858180
16815997
24660806
21698230
15572351
10329544
14741102
12397359
17488780
12138158
18948618
24550300
9367155
20408817
26620560
16525039
11087921
11357136
23752591
17002572
23166499
21693646
12034840
19107203
17823661
16263759
18721193
18376416
8961274
11076679
22899722
16362416
19151727
16391387
21586270
16236793
23776175
11113112
17702576
20797886
