GO_IPI_pmids
24835392
26538390
19454334
14688343
12504111
24872509
27230377
25211078
18510927
25576824
23951196
25771179
20041225
18996344
22740689
23827679
15642802
23267104
19040630
27103053
19098921
22575651
21602335
20802464
23201141
21566117
24090070
19767440
20140193
23935490
23302685
21059960
21472855
23101627
27098453
26555188
23245325
17074753
25896019
18178731
1331501
21972977
21637345
19596241
17431396
19208651
21965576
18083807
19114483
19167377
25946333
10976052
21749650
25009246
22804908
24919709
20435895
23576507
24643253
25024433
23279902
22176891
17376595
17567581
18297730
17485680
17476309
26823170
18021256
20178790
22306117
19820095
16416128
18466309
24863370
17933891
22172278
25379383
23953117
21784247
17360743
17446270
23970546
26919431
21505417
7579689
23569216
23864713
20421426
23747306
23068615
19713941
23711369
12185076
18952790
17986187
19395482
24931117
21277013
20702795
25186729
18632977
25827528
26266418
24462683
22101842
21097617
22419161
18267075
21990356
25794934
23648289
25605761
24916958
19450586
25283549
21994455
16682347
18775317
22193776
20644138
19820695
19036844
22353606
21804003
16585770
22923600
21498649
10510232
12904549
19419567
23001144
22447907
15866879
17541407
18922797
11937490
26673895
9831560
16256735
16530042
27064905
20118235
20435733
25455804
22100910
25132288
20855594
24434517
22188458
22982544
20067522
21622812
23351158
17981961
24428567
24535825
20153451
23219485
25062022
22848665
20837012
19523113
16629662
21056039
18321973
1320797
22142781
19007409
15247298
25855814
18291652
21078122
22471590
26581985
19690162
16611232
20345907
22001209
21256857
20579338
20116089
21113130
23582331
19730696
20383140
21667337
22707707
18556791
19502397
20331974
24351868
22045333
24660806
14645228
15848194
18552405
21592966
21070404
20576851
9578488
20579884
22190682
18005098
20971894
26839127
20807881
24996184
22266942
23738009
21097633
21307098
23481256
24478431
24661504
23221550
21867679
18045938
18802460
11943871
12771417
24930858
25127057
21811563
24127688
18723611
21784248
25930730
11551227
10481074
10197982
11036079
19277847
15449307
12134026
11277703
20554783
23414759
20802536
17761535
9488482
12665508
17981125
21953460
24167275
18708507
24070897
27129432
21463633
18337493
17178408
22902560
24722491
24706939
23559066
24335286
24725376
27353550
22626887
23415457
16760386
23096996
24418534
22623778
18818666
20015075
23216561
21642464
12215643
17376770
19843229
22805491
19159459
19496931
15937161
18761683
15632186
15620716
16239726
19465658
18326582
21642461
22343296
11196647
16260786
19851001
14724630
14726591
21630458
19682074
14993308
16263329
15678099
16262797
19246748
20876537
19016878
22473211
18509523
16317001
12221116
15866179
17199039
20691903
10996078
12464631
15260989
19893489
17255942
12076772
14595375
11752384
17174956
17172358
15133060
24627523
20207758
19801411
21840971
22074440
17972918
22500516
18538672
16990139
17251184
21435037
25278935
25374563
19074380
21378193
22307755
15491161
22707703
16796675
21224850
21803996
18065538
20023017
17427287
22582279
19702880
21236255
22077885
16294310
15236958
10864495
11955433
12581360
15838030
9831524
20498855
19114484
17411339
21624051
18156271
21147767
24243021
20427317
12477932
16405965
16844119
17024179
19692545
16339411
22238231
22028648
24696485
19322197
16586348
17138566
9783587
17577580
9687515
9263453
10393905
15933203
19346249
12093730
15705583
16109955
16621837
17919286
19019160
19318624
19556970
19851019
15721768
15632194
16213523
16844784
16194279
14638811
15060053
15336430
19854905
19888683
21134129
15258569
12228058
21777382
25540360
15669058
16001084
11357136
10567404
21192935
15973057
11329173
19074431
16611632
11278908
16040957
19013274
21076033
19962420
11751850
14973488
20977669
19458392
10931877
21358639
21530591
14698441
24391504
25467444
17981999
25497014
18165300
20348249
15256549
16794578
19755120
15039538
26463011
22124328
11257181
12054518
17189196
17267496
15364941
10644344
11773402
14993658
15784897
16007207
23841474
12970408
16227268
16086323
23987510
10931856
15855230
17124498
19765079
15272309
8882494
9668106
9753634
9832552
10889467
17626011
24709262
18083098
25615740
25204654
23562722
21909261
25583518
9817758
21081644
10451365
14871493
8174709
21343306
12649290
18632794
10555970
10986462
11741540
12456874
15504027
21383048
24462684
20129922
11371633
10504236
10600108
11034989
11756454
11756456
12460570
12895416
15563840
15049684
20031218
12072504
17981968
8987992
9724539
15507453
21418524
25241165
11739641
14960581
24200403
19016838
19019158
10226625
10329544
10764582
11181729
11274052
11781573
1311258
14732683
15068796
15310821
16003391
16480949
16611888
16697373
16951253
17314511
17535810
17612295
17662718
17666013
17673209
18025262
18405666
19008854
20621096
20708612
21122074
2138977
2162480
2189724
22810585
22810586
23093934
23320542
7542742
7592647
7815540
8344494
8380896
8411358
9050995
9067421
9697699
9807817
9830007
17529992
17540176
17608567
9857076
16478732
16979186
11971900
12551970
15507604
17475643
10982355
22617423
9223484
10871618
12692227
17006541
17023018
18305892
12368347
17189189
11275986
12200142
12444549
12620801
15492812
16103886
16611247
18977328
24550280
7624774
8207801
9467941
9705868
21139582
10523841
10702232
10779361
12813456
16044149
16061792
17070091
17348035
18408009
1870208
20088881
2153075
22776252
23729654
11842245
17239418
9847329
11907229
22309289
21880768
22102817
15837194
16963744
12592401
8627785
18256156
10849009
19164291
16474402
16799465
18946490
16917502
19379743
20138174
21795333
14557665
20639899
9742122
10381623
7954800
9973195
10330164
10347196
10734313
11733528
12743606
15604276
16763564
19249677
7565739
7565781
9018065
9675118
9687513
9881977
10049825
10196247
10722738
11099378
11414803
7853498
21994459
22020285
16628219
16275648
17350572
21543480
22458338
19906925
10922058
18800055
11312657
11285224
10199403
10707087
11861836
14691137
9299485
15632291
7859737
8681387
10394361
10607567
11298454
8794306
9624170
9153233
12414957
7831289
11179428
9620685
16126728
16129692
21532619
23892143
24760890
25556234
19275899
20064372
17022977
24561202
24514761
24802111
21081124
24008843
16963558
17079289
19454348
23722113
23853584
11000221
2845648
23589850
18996118
21943085
17174311
27086686
10873756
9499053
17023019
16912323
9492303
11526231
9575189
16352600
14557627
16014918
16775312
8380085
9261356
11086131
16731912
17035316
17913813
17067581
16601680
20433837
22493500
11836380
14990717
22301138
16501113
23063122
19193793
20638388
23916815
25312088
14963118
20554775
21156026
22872640
7474102
19914170
20227411
15452250
18498651
22190034
22978549
25416944
16687403
18226242
23840900
25116364
9811832
9405152
20471980
24269682
19959989
17029407
1973526
18854156
19703395
24657436
23890821
17314515
25147953
12620624
16806204
18358807
16493710
17267502
17713926
17947517
19555689
16249186
12634364
8523566
9188587
17620619
25150167
19192185
9651577
19040634
11041886
2243771
10365963
10702269
11711620
18158319
7896830
16081543
16275649
20797779
12887903
17505518
11238845
10781095
15518812
9636370
17376078
12034482
18647839
11553771
14769790
17611542
19908864
19461582
9557669
12446677
24418371
23137336
12124400
18678909
20089649
11145900
8995681
15194749
9311810
17869268
18094328
9285411
24955142
15795260
10510474
24970085
22512862
26226421
12787365
15950240
23583446
19854900
22934938
15096503
15215856
20656905
19696740
15147197
2159298
10669618
12586937
20185511
19732341
8206846
16246841
19019157
24415724
21278297
19780836
19740106
9753447
15792953
19328793
15110249
15150219
15165234
22212593
11432846
17496122
19734313
16237761
16876117
26785823
20869963
17967456
17434972
19201886
20102225
18579593
21270162
16469700
18805088
18805089
20133640
21102556
22511869
1334459
17416645
12622818
15019836
10438867
21486304
20823067
7644508
9454723
18434401
24760889
17715218
15140953
23636254
7483825
22334672
9927201
21216996
22741949
22906423
25159100
16545378
22265973
24583011
16227264
19403670
23454641
10387043
10924114
9772164
1374404
18713863
21454501
22913516
9298970
9857007
18618700
2550460
11576544
15014439
15336558
11903976
17314079
21435182
23535029
17137594
19523676
11278465
12600646
15367624
21752196
19542013
12199906
16257957
16330538
22023160
17174309
18024891
11331587
10465793
21195170
7622566
11790132
14507921
15044490
15243628
15326297
16293620
16762926
19332063
22449962
25964476
18378688
15316289
21457461
19440202
22773792
19304857
14679154
15084397
24284321
24973451
20875085
10080896
12136137
15809331
22356131
23178926
8969201
23585889
15928086
11250154
12795696
15343337
17082772
20924359
20118266
22843851
11003656
11823865
15701513
10859267
22449963
19165144
19561131
18621900
20870765
21343906
10933715
21527675
18627465
17803906
17123957
17485524
21931555
15537757
12379728
10627553
11900834
12552007
14644612
16641295
19646442
18165307
10633111
21763312
21398549
9569025
17662947
17932491
10545097
11207560
17719540
8670890
12927518
19264781
25936766
7590246
23605043
21987769
23870315
10555581
10913264
20207756
21880740
23405092
10409668
18331720
8144501
8641281
22212631
11533209
11714969
20444997
24500065
17215286
19540847
24965446
25593157
25809915
26748656
12445808
17666591
2825030
17761766
10891075
16326701
9431994
17994626
10906147
8625987
10970864
12489691
15713657
10996799
20800867
21262517
25010283
17942399
9023105
23552410
22164283
21147258
22447897
16155203
17005671
17382937
9175835
8609467
8631720
10202150
23747397
25330379
8861961
10682845
22285492
15611625
16439990
17635912
18266467
17602943
12706723
10747014
17662939
17875931
20708585
16141316
18829453
19088451
20881089
10318918
12925958
7494258
7853516
12356718
15767257
18179252
18519040
9188558
9568891
9827557
10336476
15893726
16940534
23010594
12787500
20008065
10051602
20133804
17134703
20828566
10889253
15728831
12730672
10074132
10390359
10400713
10488152
10544080
10570951
10721731
10799599
10873631
11086025
11374864
11821416
11922617
12427757
12522210
12595532
12604805
12604806
12610133
12692242
14524621
14623081
14985081
15113910
15303969
15607035
15825084
15841462
15846844
16033967
16203724
16322229
16324764
16530520
16996479
17229681
17275127
17567694
17616579
17686842
17855521
18160438
18325616
18667510
20162731
20862261
20962101
21297162
22491470
22640416
22911572
22916011
23420847
23487458
23667408
25122793
25193851
26808496
7769685
7769699
8091646
8861917
9143277
9143310
9223490
9514871
9794763
10702287
21559518
11119590
10329703
22726442
22653731
10067895
21772251
14673118
16526092
15229654
11600372
11559788
15047795
19176627
15728366
17599908
12874135
21281489
8918878
9468533
15924432
10675342
12466485
20601427
8995654
9651361
21911577
22542975
20016039
12867553
9497364
11237759
18981481
18927149
19747829
11507205
12676986
16191204
16525507
15491154
11591686
18359804
20584010
22077835
17427285
19775244
12065423
12100548
11573088
15618400
22171001
16903353
18068675
15507623
19730412
20644139
16525504
19767429
18455986
19226327
19298369
19737520
24325460
24863636
22804868
11807546
12724328
14978283
15063758
15719022
12047350
15371430
19023134
17921296
15690043
12032137
23123159
11106733
12054822
12823960
21841773
21205868
15866074
15312048
8636215
14567693
10635326
11737146
18723578
9342315
8816774
9214646
9214647
21097616
10862746
16274967
17202189
18809723
15797385
17304238
12764229
8419288
10688669
11780127
11970895
12699625
16790480
17084360
19440376
16604063
10698942
18024521
17545281
20616806
16310786
17922517
19820102
15851029
18591255
16731921
23761911
9660973
19745151
22038483
21949066
15916958
16990134
11188687
21364531
21681199
24141878
10722661
12682070
8917078
15805117
19666563
20143871
18673458
24493214
22483987
10938268
21635695
18343844
10627589
18976279
19453375
19945436
9843442
20010694
12119014
17293877
12612082
21900233
19860830
17936057
1423665
16901482
17914456
19008859
20935625
21499228
7758455
12917436
20718862
11023671
10521526
17074758
18551131
18636090
12634370
14963148
21915095
9847399
10998188
14765117
22072710
21878328
24116224
9151883
7744867
21357482
17159919
18309293
18786926
9852084
15466485
12885561
9389648
12374795
8878477
9288972
10691736
12050132
14729957
10993673
11238923
15329348
19543227
18296522
18363795
20502438
15271889
18589008
19234303
12023030
12966069
18000013
17993516
17616590
19737354
19542290
16109709
11739376
14711369
15509585
15130131
19040637
25218435
16002996
25980609
21642457
15716274
19965468
26667841
19427309
24642375
8940110
8940073
11230806
15531363
17008450
11960001
10467146
6313412
7881176
8823201
15070402
25447533
19000816
19850343
10733899
16311516
23890813
16511562
9192623
26559832
15047845
24034250
24443581
18689881
10488241
11121078
11513956
15500449
16298142
15863094
17567578
18585390
23499434
15749014
20529853
17416361
17635188
16385038
17114269
15388937
18042675
17804795
12202038
12242332
15899885
9242699
17302817
11880648
17157031
19121228
17309280
23907008
16682410
16884737
16978361
11266418
17020913
18621388
15571069
24387047
12354223
19130906
7877174
20025669
16199577
17064366
10200974
16298337
19016841
12913008
16472747
12606717
17059223
16622205
26829648
21352546
22904282
15103135
11170413
19321420
9335290
16301794
10512639
11560483
17652161
20455546
19394344
18832610
19448618
19607839
19761766
20203624
16468985
20461058
17630969
24467650
22661693
20185505
20520732
20925060
16762364
17242402
15978616
19826007
19008858
18557704
18474358
19366344
15737998
17146044
15753077
14594827
16511094
15701515
15231843
9006925
9395452
17095513
10627046
20705052
18258191
11669627
12717031
17277063
11705926
18441065
18835984
21398546
16045627
12637582
10881194
19114043
20066037
17676952
16135231
19682254
20585630
23002219
20306314
11222859
12594264
14687575
11369858
18047786
16325768
20864475
15663922
16880544
15236969
20036253
17029403
17702648
15966722
19154333
12438350
18560150
12511575
19961412
11839758
19052364
11796724
10500158
17213192
12101218
16040206
20625433
21531798
11940590
18680522
17087501
19760663
11278743
15554959
16487939
20693690
18097091
20085764
16963641
18323599
15929999
20956591
17143269
18799456
16313172
19801656
16699190
17064730
12198306
20852636
15753099
19194014
17292400
17316682
12804785
20027301
19923721
15683232
15159544
10766746
15178486
11799204
11420175
19836337
3141278
17470786
15047801
15998638
18452514
10739911
9218783
17418823
16434966
7619724
7734394
19302786
11117257
17785444
11915042
12609975
16971440
19264780
19515777
23861867
11854533
12395189
12589434
16291798
16925602
12441392
15034550
11309420
16129689
24901321
20084110
19017268
14735325
16920948
19153231
16049174
24709664
16518399
15207618
25344885
20603017
10786837
12441347
22419154
19583769
21447068
11164898
24934224
17516047
10444103
12684538
19244140
15078334
25728666
22363621
19800691
25351493
18586868
22626555
16623886
15986920
18156216
18257679
21467577
22713866
17615063
20357094
22078707
16254380
18818696
18833289
23560779
20172994
24914976
8083219
18154307
11197326
15978034
23320078
11250902
12477393
23292781
19183279
16673933
18442170
15870463
19400788
20543819
13679363
16714285
19825552
18487333
19251842
16995898
9343261
21126315
20023015
20211138
19240163
20688915
10433905
12621437
16159897
20584908
10446210
15269838
9102401
11997330
15210115
7592992
8205617
24125847
11336675
15471851
17403372
19254725
19708918
26627825
18952796
11160738
19369353
20436455
23365430
22416134
11238858
17000758
8464478
21284806
23398942
16023795
21637817
18248596
22735448
11250201
12564924
12791694
15323555
15670609
16533815
17323922
17581635
18808384
21377464
17082902
15919943
27059960
25733613
20828565
20671153
16243907
24647160
21729241
16284419
16782873
17698500
9858780
11283335
19114489
18485076
20729366
17185228
22707706
22707708
21505418
18158241
11955449
12472693
15317846
16619024
17636130
23511972
19494832
23910724
23079036
9512418
23159937
16376880
21205211
24103130
20205919
17921302
21666598
16982648
19345190
26889034
15980204
16230338
16282318
22194454
18573176
12777042
24034223
14659753
15342255
20382770
22904279
21569203
22753056
19346303
11532008
9278513
12741847
15641769
22641032
10649999
19132843
15905402
18787122
10051653
16882724
19779483
19893485
20553488
21347310
12362232
9837983
22124326
25107472
17203075
3531198
15758220
21299649
25601565
10471703
19056728
18832040
15255903
19906704
21861872
16982615
18504434
18326569
22636769
15253878
21803042
16362044
23519457
23867627
25211160
25497013
21847100
15033367
17700703
19661379
23076522
23487454
24184320
26041303
26889038
23384724
16609867
17627283
16428324
19864426
18284575
19942850
23797873
24456211
21151096
19460367
20852017
10410901
15469996
19850934
24644291
11591653
12730668
8995684
10684304
16446454
19362563
10187771
11238466
23583714
25616068
20631090
21680532
16678098
21068253
11470922
18616943
19543273
23136524
22322944
12919681
21164013
21164014
21878643
15604690
19345687
25448674
23043140
21764917
24746687
16648845
20965181
14648848
20007272
16831430
24420930
16380417
16628225
16672613
20050921
16084064
21304492
19234086
23438059
21220045
15383618
16319056
23015697
12875653
16430890
16205631
16826238
17289036
23385589
19086295
23550829
17182701
17699623
16440004
15722231
11389834
12730686
22174692
22004763
20582320
16716191
11590136
23395900
18308333
19923234
21332845
23943860
25294608
19148273
24494818
19165333
12576308
24036449
21191019
15793001
18802093
17166906
18922877
11448035
21110861
16203997
19692466
25854864
26867650
7852312
22048310
16458305
10064581
11356188
12727879
19395479
9874787
15775978
15003530
15256595
17717528
18497745
24257752
24361095
25132107
10603370
9895270
15075327
7656009
26071378
19251859
19880448
20833800
20300064
25519916
20400938
11545738
16835460
22737069
17064692
20971110
23311896
23313943
22268978
11700034
14717710
16322459
23292348
15292233
12753919
17316630
15614436
17346714
20009022
12802074
17182003
23241243
16125134
12730133
24462186
16373488
21196493
16826239
12743046
11854298
17239842
12535669
16332538
17622612
16051867
16767077
16230339
16230340
22152002
20660080
16478466
9608663
2313285
15632444
16840699
20133879
23395902
20581202
26278368
22221834
16352405
24995510
12466543
14636582
12514103
14738735
12740913
16177824
18457437
17166913
25041569
15910282
17185541
21183668
17709412
18497748
19915029
17468340
22431641
25074930
25157665
23663475
25708921
24080030
17950739
24983468
23185322
15683248
20332005
24267922
11087921
18482775
21237287
16337961
23471987
20421304
24043627
24161468
24047207
22006844
23578277
25573429
26762183
23805309
22080952
20713134
24674379
22253438
25043010
23166499
24474798
15075257
12630926
20727575
18650931
27357661
18641134
21481185
19502404
19181816
21041675
12856940
20303957
18848569
22942245
20875081
15004007
18820296
16690937
12215427
18266921
19062288
19249211
15854650
11786550
21057455
16672342
22500634
18854158
21458667
23370277
22685230
11878931
17681535
15479829
22933281
23576498
18775702
16932746
20010814
20831869
19017275
12221287
11826307
21767346
18065529
22155231
24275656
24373496
24960027
21988961
20335166
16374509
18721802
17081976
23382206
21217642
7588285
19851287
15380363
11527412
12070085
16223735
19605477
20154128
21531800
12411478
11523998
11567011
23060437
25290767
11918805
20952582
22748144
23041346
25447518
16485022
15144954
18059340
18474220
24263861
19088272
20534861
21147927
21238945
21347350
22301157
22616990
23152499
23427160
23542348
23552417
23675303
23857585
23935497
24009510
24136289
25244949
24446487
22321644
24825900
19959992
23195689
18160478
15511640
17641288
11076961
14610205
16446447
19494050
16364321
18688256
17728244
22014111
12876288
16468999
21856846
23024349
19887681
18701670
12242698
14871949
19594830
22188654
21531806
19801409
25447517
22605337
22810222
21926232
26823168
25926530
11773082
15567442
18539148
17055432
24751834
18034161
18790871
16171397
10725334
22889087
10631289
10506149
21078120
22889056
19843181
18510931
10491082
12571289
11374898
8276809
7559478
10381392
23279951
20817765
20889747
22348341
21554542
19040642
16364312
22804797
22837527
17692849
17397508
10358090
11353864
16006556
24090929
19609302
25944354
24407287
18562541
15989969
18216108
18985028
21806988
21914078
23593007
24169621
25262680
26567527
17696407
17577209
19201788
21673656
22896702
19800110
20168300
11983169
17947583
18366438
19415803
21182595
11113112
16051843
9786953
24462690
25268113
21571996
18281400
18708502
16792691
22357757
24501175
19820092
2158885
