unique.ptm.pubid.
16155937
NA
12573241
11331870
10688651
11877430
15342783
2507541
9171348
12015328
15239671
11404460
11156376
17045208
20623637
17494760
19369195
7507203
10212274
15941674
10026262
15657432
19534553
12468645
7525268
11279024
2504723
11290787
18691976
18083107
15592455
15738269
11152665
14521915
11483589
17545600
9148770
1377674
14602047
16230355
15280375
11844797
11732925
7876239
10646504
8137944
15699036
14744793
12181444
11641791
11744745
10706702
17389395
21469132
12628006
11594778
11085981
10066823
9104825
15536091
15315965
12588871
10942405
17255105
8163498
8626720
10790433
18070987
19690332
8756631
11104670
9407077
19661060
12538589
10579919
7559499
9573010
17640867
20543562
8626492
11909947
2941417
6333425
21512132
20980437
14970175
20937773
10843914
12198493
11290523
15024089
17536008
9658162
11337495
9461588
15870194
17639074
1956339
N.N.
6255944
11551902
12087092
16094384
10688886
9008160
15574499
10978177
2110001
7926007
1321605
9506989
8393870
14585963
16314505
11481331
15951569
11997497
15922744
12604776
10934191
11106648
8491187
12069755
12789267
11158305
17434128
10329681
10882136
10485710
15494311
16103118
8058338
9520446
11158290
10469655
12482991
8522173
21765415
2188730
19088076
15310758
9535738
2548572
11555659
16371504
15225553
11772397
16285729
10669745
898671
14504278
8226850
8506364
11606584
15184383
11733002
12756254
16195223
11751967
8262984
10887109
11948419
12297295
10866658
12077256
11971983
9417067
3345839
16188906
2537200
15033481
15308678
8702662
12454019
2047859
10214954
7499411
8643566
11806999
10224060
8810265
8245015
11953308
10837251
11270871
7642520
8756661
7961936
9685404
12522270
10037717
12783885
15173187
11741929
11279195
8992971
9169414
12107178
15001534
8386367
17558397
19966300
20713526
17081983
18669648
15103331
1651323
15150404
11018017
14563837
9315742
16126174
12757711
21245099
18986304
7907095
2900138
16751106
18328708
15341740
19940129
17726016
8218377
15642728
15862947
9528769
10958686
10869435
11602581
18438403
15849198
10521409
15485852
12767944
16129678
15516986
16020478
10620507
9705322
9677319
17346701
12529391
15703181
15611095
8810272
11222751
14701738
14507913
12402044
19015637
12809513
9111075
10187842
12163482
10660621
11463380
21196497
-
12933808
15128734
12876286
8650547
9013710
21920476
14699166
14757045
12468540
7512963
15269224
15775976
14690596
10938077
15073167
15489227
15280197
12628924
11931769
16407239
16046471
15128824
15465828
9268366
11154281
11980723
12504004
11416140
15657177
9121492
8647880
11860271
8247525
7735324
12801888
16184197
12048211
10938283
10377179
12912989
10910062
15952796
21659604
12769847
14560963
20543138
20516213
20233713
17013611
20333297
15047712
8978681
9736715
15718470
14761976
15905173
15809305
11914378
12023960
16602700
20537536
12475968
8761310
7774578
11027280
20832312
18234692
12763138
7701321
16568091
15465816
17875724
16219639
19413330
18599021
11850821
14551213
12244095
9305919
9083098
11429593
20889502
11983697
12213825
1314426
9374525
8384717
11684016
16009338
15241418
15520018
16156666
19218245
9380693
10197981
8612579
10661409
15786731
10811661
8934572
9505191
11741957
15229287
11259577
12351658
8349691
15001544
15576463
16123357
14769130
16099428
15849359
20135346
12624099
15199052
16129690
17709744
14583092
16503154
11606564
18952604
18220336
15364919
14576165
12056836
9362500
8797825
12432072
8622692
21454698
19339212
12387730
17192257
15561106
11927607
8941336
11369769
10671552
16257963
19473962
16760434
16054026
11157749
12006580
11884610
10069453
8139570
10202152
20101225
18984578
20043841
16741565
9891036
8308015
10428798
10949034
7491495
15059947
12138194
7838153
11432835
16076840
12093745
12118371
15528270
16452229
17627277
15193262
18657504
12531430
11684012
12721296
17287340
8622870
8041791
16100109
9804763
15035643
12039864
10567572
15817476
10823820
15107421
11774284
11695992
18042622
15572663
16212419
12837288
10704819
10085136
9560226
16044149
10558990
15037618
11020382
11577096
10839545
11252893
10608806
18619531
18171990
11459832
12709442
11875057
20123963
8382377
10713094
12925710
9430661
15173573
16497931
9190913
11297520
14872059
12761204
12392720
10550055
11278964
11114888
18449195
17507382
15845385
12676583
15707391
12676962
12660173
15870257
12446774
17525332
14657349
12588868
11390642
15533933
15650047
10859164
19716789
12676925
14988723
14681223
10973490
17715138
17942393
20424263
17178852
16862143
19965871
15210935
15916964
1661585
7479855
8182057
14679200
9685341
7925440
15073328
16293623
7958915
18536714
8892604
11331603
15703839
12167711
12086603
17570479
20096447
9733784
12697768
10839544
15279770
15314172
14581488
10964922
11847100
18250156
12154078
12084709
11375976
14729972
11877382
14625304
20173098
8619999
19412162
17396146
18283122
19136629
9461559
15665856
9710592
11856738
10838081
20381867
20028775
20521079
21357692
8816475
11773080
9230306
16417524
11741094
10579917
11435426
10617634
12134156
12972619
7816602
7588633
8248197
1545828
9920881
11585927
11855836
15629715
15908796
15128871
12400006
11333986
17003105
12527891
15150265
16861915
12107172
11507089
11971963
11373296
9837922
11934902
2171679
1647028
15525677
17535448
18174154
18418051
14585975
16041368
19007248
18318008
19367720
16565220
16083285
15190079
12058066
20333249
7213797
17924679
3944116
1446684
15687492
12564933
14678993
15226424
15972258
10611223
11877420
8131745
11279131
18088087
9642293
11081517
18332134
18184930
11114197
9257712
10362354
10329850
10949031
16437163
12529334
12167624
8385099
9446654
8313897
14729945
11809795
10448092
8972483
9990034
12237126
17537995
17965020
8700538
8605876
7526154
15337770
15659558
1650359
16116087
15240704
10433356
12082111
10673502
10587587
9360956
16045749
14978237
8972223
12051714
10075741
8845374
11983694
7805884
1309762
7505275
3138233
2115882
2543683
15623525
17804414
1425701
11812778
17456551
18938240
12654918
12871937
9124279
15935618
1378617
12869555
12196520
9020159
12647293
16317717
15302870
2456953
18412141
2174397
2946940
6430898
7915280
8477740
10871840
8316301
12060738
16226010
9792637
9804779
17517883
17130464
12524439
17277771
11723108
15320955
12734187
10318861
20431062
16076871
12052863
12215529
9516463
19255442
15634677
9856983
11604500
12554736
11278496
20089902
9407043
12392933
8663994
12609872
10210201
15471854
7664271
15883043
12591950
9748248
15169891
12642610
11604510
15988003
17591779
198400
10195894
10779355
8622669
12400005
17456469
9388255
10347142
12748290
16195327
17254967
12042314
14504289
10831586
15735731
11113134
12921535
15219854
11078729
8058322
14739300
15564375
12878163
15523052
10230405
15322554
10205168
12801936
9091312
11971957
2457390
15485879
18559669
20826462
12149249
20979614
21309750
21169560
15308621
16472662
11583630
12408982
20861316
11113114
10993906
11687594
12522132
11682467
16251431
15504032
12743374
8548803
9235942
9099694
1426245
15456853
15065869
14506284
8578591
1995645
11042694
12843408
11042679
15584898
192223
1137958
12730204
1924301
10823959
11004509
10373416
6304688
10969067
20534535
11032890
22267086
15367677
2478889
2019585
7873448
9038175
15817653
12000743
12351702
9199329
7532278
18250157
17452463
12590608
11020388
15006641
11518699
11116148
16648821
11701890
15731352
14985336
15063792
11032419
15448168
16371476
12586839
16484498
12691662
10330143
17785444
10849446
9858528
15964852
12730199
11756412
15851482
19364816
17325029
12058028
17855660
11463845
16982699
15001356
10753973
17283049
11779850
16822942
9278383
15800615
18317453
7543024
15322115
17897103
11042701
9153193
3112145
7782323
11723111
2492519
8910597
10880350
12202491
17195092
15660394
17353278
17009320
20026641
12640114
12700239
12000790
12432063
1382070
1689310
10523301
15302935
16083266
1939237
10347170
17115032
2526655
11751923
9890893
10734310
19254954
15695410
11237525
9880324
12601080
10980595
14662762
14517250
8360196
1860884
6090944
16126727
12171920
12791703
16043647
12446767
10376603
12501214
11726515
9355745
12953068
1850098
1140412
10428966
12717439
8087847
16251354
15837797
8610109
9741627
11075717
9710204
9927207
10642536
8756628
18940270
12734188
15843435
15531580
10499802
10993892
8404858
1396589
7743995
10085115
8443411
14597612
14536078
12714602
7499230
15024056
11110801
10628747
9171245
18202149
15572662
20729856
15037602
9575153
21596315
10995387
1400350
12700233
16780593
12482975
12105215
17638878
20935635
17804818
18680479
16325401
20147522
21565702
20360007
17095507
17570665
9079638
11063592
10764782
8955127
15023990
14742446
8156998
20124405
15053879
10951572
15542844
10348343
10747897
17108107
11554766
21317932
15866171
17967874
10570149
15701641
17591690
9372954
11740489
16377624
11780126
14702041
10884347
15469940
11409876
15489221
12111733
15254178
10801407
9315650
17339337
12810724
20041275
11447225
11551930
17349958
20959462
17254968
10606744
16729035
17707234
20870725
10446957

15381073
11483158
12959929
19332559
16415881
15525938
17108971
20118233
18022393
10654941
8617750
10823840
15696159
17380128
1756735
15809340
16360038
15084261
20870719
14660602
8657103
1708307
16038803
7991458
1370476
11564877
15215251
12738763
18158287
11877461
11877457
12588979
18490441
17980165
12574116
19135240
18509061
15623513
18617643
17962809
16980613
2226863
15514163
9346285
15728188
17591919
11784866
17442957
15024053
15755722
10867018
11741879
11948398
15383279
12637538
12505989
15688006
17960875
2806554
8261514
12151401
20060891
16288713
10194762
9045708
15890648
8626767
19494114
18983981
15657420
12560341
12613668
10514499
12193595
9892009
9660757
10893237
11812785
10542228
7635160
8960373
11313925
11711551
14988395
8262053
8548291
11334882
11782427
15632084
8089108
9545325
1899200
12058067
15568999
10617468
10655479
12529413
11259409
10806197
9836513
15362974
15466476
16464493
7867743
11971971
15760475
11447121
14555991
15486195
10537323
14768064
14732590
15241487
14701740
12721286
12620228
15060146
7777512
9111058
15930267
11342557
16039586
14993287
14645010
11378439
12832043
12356758
16314496
15950189
16107690
15125843
8597870
2507633
8670219
10809756
11278470
8798697
8632909
7687743
11466320
838735
17016429
15788397
16424149
7523419
15368451
9524113
12524442
17526488
9463386
14703513
9566918
12633850
10617621
14970211
9109675
17875713
12812981
21364637
10637505
7889942
11231586
11896587
20027304
19107194
18838864
18187866
16964243
21471201
15850461
11877451
21856198
11956222
16376338
12861023
9312068
7839144
12387894
9735171
15538382
15071501
14973144
8631894
10896934
12529425
21840391
19917720
8373790
15893754
17693683
11718727
12812918
16959772
11813001
10617630
12096713
12893833
19287380
12403770
10085131
9647734
9244383
15726118
11717349
10604473
12777400
10373465
11729123
12077120
21076410
17206380
14991569
17485345
18062778
14968113
12742231
20940307
17804415
18650425
16481012
21376736
20637728
10650937
15684395
15695813
12093740
10880969
12237306
18326489
20033852
17121855
18657069
17609107
16760428
12354758
10760275
9528788
12604330
11325525
15364936
8861947
11479288
1680128
12659875
8700533
10910043
8635594
16140754
9794428
11420699
11895474
14722118
15107581
14754994
7525582
14514795
17239900
17643448
15790957
16407108
9867809
9155020
10400690
12630910
10874031
11052978
9054461
10571231
1334482
9395533
11784723
12065600
9836440
14611643
15328345
20525693
16083423
19927128
9649584
15964845
18829532
15109498
11238952
8318012
11050185
11487578
16048649
16109377
10757782
20535204
21779453
18483222
15965233
18829461
18566585
20851342
21448926
11287002
18995835
10356987
15096528
12560483
11278789
15611134
16325270
18239682
17158456
12140753
15367680
15946647
11942626
12429016
19710016
15710605
10869359
11510412
16093354
15258589
11410590
21917714
16728640
15003508
15665049
15184667
12030846
11682477
9166761
10567369
7873542
7624324
8039496
9351825
11684694
12609978
12506122
7936666
15020233
11035810
15175348
8131746
15010469
14722251
8662852
7559596
8083204
11146000
11809767
21728385
19661922
10206983
10559944
14610074
9525940
9465032
9271440
11910029
8390988
12900408
9804419
18347059
11997522
17213202
11719519
9166747
8429024
10531372
21147781
15040786
10446213
21209322
15911620
15378002
15249581
17938195
15105425
11883897
10715123
9054510
15485924
7615546
20098430
9670957
9362479
15316068
12077184
18039968
11390389
14701748
16888620
16387660
17053785
11443111
11980910
12591939
16512921
9305909
12639913
17553808
19015317
17785528
21499257
21465480
18802026
20151718
17560599
20097924
17611284
15340086
9038181
21220307
20213743
10500146
19651622
7566346
9771888
8288648
17693641
15822905
17496250
17646876
17716669
11486042
15128856
17621308
17197699
11700305
12682249
20074060
14976552
16817901
17573779
12919947
8702940
15143065
19506079
12819195
8080473
12540842
19393627
17368569
11879191
9136927
16111636
8622969
8384219
15474498
15721295
14653998
19812038
11123317
9834084
9761967
7961967
9804834
15963462
15342917
12438239
12150915
8846784
15642694
12947093
9468497
9649500
12509440
12502714
17117922
9341175
19053285
16286470
8702648
15798179
17173941
17717077
7983041
9430721
21098032
12110590
3119581
3013873
20048153
19116316
15125835
10334944
15379552
12198130
9628874
14697653
17463001
15542607
17681692
15034923
17254966
10898738
15616583
16213824
12851456
12054501
11909964
19447520
11707464
16000309
16224021
7525583
10212242
8349614
10801873
9335504
10085121
9748228
11747808
16223874
7702631
12356731
11463337
11053353
11923282
14633983
16027165
16140914
10852966
11042170
11154276
19749799
12697749
11920685
22544756
15094778
14500571
11689703
10542239
14594814
18394644
18675813
21112387
12837631
7499337
15218032
20354225
15060171
12409306
15342622
12840024
18321849
14699119
18339622
12565829
18348280
15693058
15980064
15946941
10805756
15889150
11120880
15610029
10766840
9832503
16085715
15070733
15964826
12748192
20531387
19202191
12682370
7641687
8253780
9195912
15121858
8253806
17545155
15273717
19927127
18184589
10739259
15147216
11438671
12962548
11274386
9295339
21558276
9139719
14970201
17488622
15827085
1741894
8621539
21177870
1406653
7935360
15282614
15854913
10715136
15637081
12551902
10358014
10358075
15287745
11546811
12037680
16733250
7520867
7909431
18678649
16000370
12593795
12815057
11313479
11896584
11689711
12582162
14651849
11290735
7642584
12464600
16311512
15161928
7518772
11923305
11676480
17507376
15051728
15367661
15461589
18787837
12356771
15538381
10318869
934118
12138205
16456544
8887554
16278218
8774846
1332886
10383393
1730670
19166925
15976317
16097034
12171600
14709557
12761892
15713670
1551424
1696481
8995217
7678248
10779545
18978352
18021073
11500362
12133000
20932473
10618498
16608857
12189148
12409307
9694886
9630228
16351573
12740371
17447891
17913704
15528241
15723050
11719507
19997641
19701943
11384979
18477460
11331307
15378030
9512493
8954982
20171170
9753425
16107342
10064595
10542266
12509442
12207013
18615013
18239465
14667408
11756469
15108802
7890750
12096113
11383510
15987997
10673337
15147269
8999860
17256767
11278268
9742107
11239468
6196363
7542745
14715536
10830164
12535517
18280240
17974916
20048001
18158288
12493777
10206955
9394826
12878206
18250300
19468300
19468302
19160488
17522053
15209507
12493754
14592976
16118204
16246726
12852857
19509060
14657031
17376779
12852856
12032545
17489982
17218258
19473992
15704244
17561512
16980960
12511603
11027273
12095911
10187789
15713655
17081991
1648089
12939256
7836371
8663493
8592152
15979581
11297557
12871932
16327805
9725911
9368058
17901130
19015234
15988018
7678037
11604491
10400637
1547771
2046671
12809504
8413226
11859076
17416610
17046826
14966518
15539760
10978317
15308641
19293151
12684516
10047984
21457715
10608804
10829062
16775013
10727525
11278469
15271984
19864431
12631274
8619990
9677407
12624098
12766774
11035045
15793569
19345329
10799319
11145955
11309409
9130707
14657255
15229649
15972820
16170345
16247472
16763566
15071500
9482866
15170389
11675505
16286244
17394530
10978272
10191262
11096081
19001501
15549133
10556585
16155364
15621037
19801552
17698587
20059949
16341017
9679146
9223293
1846781
1516134
11075956
11563975
11340086
11749387
11884598
16244663
17062569
16899510
15355962
17382906
15557340
20016786
15287743
12705864
16236711
12531896
21177766
11080633
11517230
12488245
18559500
8647875
8999969
18320585
11278906
11018042
11340065
11171090
15824732
12637568
17617058
11994271
18771725
20564219
21617041
12727876
10022904
10783893
16207722
11839743
18818105
15367631
22412986
21658950
11533025
10892742
10681522
20188673
12621058
11470801
15024426
15177042
14599745
11311120
18356527
18838687
18695047
15378014
11719502
11782491
14981079
12920028
15039423
11084041
15159416
12185072
14592977
15308669
7642538
11723116
2168396
12359732
16690614
10644707
15550393
16198087
12974676
12435397
9069290
9384584
16478538
15605363
9721757
12808093
15735648
10781613
15735649
15674326
10806207
11035004
12239280
7535770
7750576
11062054
12640464
12478298
15632195
11895774
12515807
17380123
17101782
16880739
10439036
17997837
12411494
2122883
21795390
14718546
11986303
9122166
17434145
15975956
12759351
14681206
14559997
18066052
18243098
16629900
12062056
16163388
16511572
19734889
20090422
19652227
15466863
15652488
10818093
15677482
12911626
16716084
15140763
12935886
12447358
15388330
15714472
12853467
11514608
12456653
9697839
12540962
9182531
1998697
9102067
15117950
10635327
10961885
15069079
9697832
9545332
9670964
9712048
10358772
9388509
7719938
8946678
9122198
9764820
11689432
10508618
11114308
9768837
8798667
14608369
11298456
12399544
12110582
15618221
15910284
17116858
12534294
16611631
15071113
21497122
7592773
9467953
10747973
12665592
8940068
15066279
14722116
16497976
15659405
10947959
16186108
11884411
9525959
1696913
8389461
9030586
8451194
7273851
11741533
9072970
12351631
11115400
11062067
10508590
14615289
15818404
12941954
9201958
11907092
1696597
11483516
15194502
11336675
10648825
8061611
15133036
1898055
3352609
19342684
9298995
10998246
15735735
12609995
2550144
10821867
12571245
16204256
15546921
11309393
14603323
11856369
16457588
15681610
12082625
16185088
10464286
15684425
17194708
22387026
16497732
15471871
15345777
10913197
16407259
19801668
12231506
16443755
15513924
15299025
12804574
12235133
14707117
12177059
9398617
8662759
11500363
18337751
11500364
9374491
9731215
8245003
10913145
12556497
9480991
12198159
9642287
9183008
10329716
11943200
15687336
21724829
16807684
18161990
16262601
9829964
15733869
9687510
9528766
11969286
17215513
12925766
14573606
12458200
15676024
14762106
9565595
15851689
9099667
12686604
12177195
2155236
7822264
1674746
12447691
14960279
10574968
9109552
8521865
8530412
10574929
14992595
15316024
8670206
12480533
8621540
15831816
16377619
18283219
8955135
9407116
12124177
9178913
16912036
17351640
17438553
9885575
12855954
17437541
10777545
7635574
16923168
19451179
16443603
7836436
9362483
14612426
21725316
20194617
15324659
18626018
14567915
20682768
18362890
20086174
20231902
10531036
17595531
9790917
8547634
12133942
12417592
21531210
19407811
12242269
8543035
11121119
12551921
19366211
3112151
9655398
10652353
9821957
15598648
18950637
15073527
7798217
20541704
20573984
9770464
7608156
8065343
14645242
11359875
17630987
8663403
12244302
12244303
12244301
11579085
10480933
14973229
18305116
19503082
16330149
12853968
18303014
17276402
19176702
15371448
2900140
10753869
10403367
11960013
11976320
21329882
17711846
9108423
9813144
14654783
11504915
15169778
15527798
15688025
11877377
15451423
11415983
8325881
8325880
7537382
15082796
12819209
18048416
7929371
8499466
15327777
17353368
15766557
15201144
12441002
12213813
9430688
21418524
17360704
18974095
18722121
18439900
2152882
18243099
19530738
18946085
15221008
14604990
10548550
16790420
15084260
16314523
15037617
19270731
15766329
16997882
16990256
20039424
19036714
12185584
11877440
9819408
16888623
16123141
15274135
15952790
19573808
16256741
8631898
16397295
16094730
12881487
15806160
9174053
12748172
8132598
8095261
11278261
12682012
20622854
18922798
15031292
19756449
12110584
16702947
12628002
7759517
2541433
11418599
12399457
18156174
17785202
9389649
15342649
9765311
15886098
17194753
9264402
10684652
10866685
15855168
9461343
20980392
19448668
18695000
20471940
15923181
11909961
12171928
15194694
11134074
15743830
11487585
11053428
11969422
12458207
12860119
21728993
8132675
15831477
15833848
15647282
10551809
10995762
11604394
17463002
17189248
17681942
12644574
7925472
15849194
11134016
16007120
9694850
11546794
9516479
15242332
7983050
15632197
9744883
10101032
15541388
15861136
21151116
16916647
19608861
21947282
18794154
9685505
11335727
12414794
17488717
8505339
1939094
12551973
7578274
16491121
15075332
15713673
16678104
6279643
10973943
19180116
17466630
9812896
21454787
10642499
15454081
12063245
11742978
10734227
12514174
16122426
11583622
12808105
12953056
9712030
15684041
14761954
9425276
17928527
16920917
16144838
15805466
10428810
17603046
8824297
10206975
10764762
12907171
10366608
11584018
16574653
15534005
12719431
20056922
10209029
15851033
12930845
15082798
10209036
11433379
8663123
8626435
16280325
15145941
12524548
22401586
12058027
11687586
12810701
18574241
17310276
12586835
20169205
20019839
19276368
10748018
11964068
9374536
9456324
15717326
1756717
10358196
16371510
11931757
14749395
9710583
11025438
7592688
10051408
10764745
11707406
10636877
11438522
12682077
10816555
9032264
10851017
14623863
15313190
10207045
14636580
12734380
9857051
11485312
15657136
8615792
7559487
15121854
11438664
15808510
15383283
15263083
8262977
16424901
9038210
9722557
15889144
2530225
18434387
10710543
1684878
7530719
2261989
15751964
12501243
11390470
15322105
14654845
11263724
3128170
9453548
1321150
10421840
10187783
8683601
12359212
16319223
10067969
2176601
18454177
16209941
9867848
11850617
12531427
8463284
2176822
10653665
16616104
20160131
17389591
12730201
10844023
9930733
18227151
12714590
11181841
2387894
9565682
9832145
12435421
8152805
8321321
10576742
11447113
11713246
3461469
15471950
15358595
14660640
12804768
11502742
15252116
15326477
17016520
16393971
2466636
3223964
9211847
12809553
15005626
8973564
9840943
9374542
16982696
21147854
16357133
17053147
18328268
14761950
21327254
20732331
16765046
12372837
21774789
20137943
20481595
14993219
15208671
11790768
10400664
11486000
16436377
19081061
15556646
20417104
10487978
10937878
16864798
7809103
15604256
18794806
12606549
17623672
14680817
10559254
19995915
16272144
12832492
10441130
10567342
7477354
15664191
11376654
12719581
9823899
10523317
17875639
11739292
8702879
20118234
17913921
17310063
11579209
12377772
21690388
1939282
8440735
16495336
16371512
18779327
11399775
10518537
10217147
19592491
20059950
16490346
17936702
21397856
16288044
9659899
11557734
10570155
8999839
15339926
7691235
15096211
12145285
12027890
11443118
12441334
10660611
15782174
10023679
19460345
19124016
19578370
22081607
16508003
16600869
16174865
8314870
19144824
