unique.interactions.pubid.
19339557
16155937
17141153
22298955
16446785
25649765
23189150
20959805
15342783
2507541
11956313
22252550
9418871
21145461
25982117
20623637
19369195
17045208
17494760
11404460
12015328
15239671
11156376
9178760
10212274
15941674
10026262
15657432
11279024
2504723
11290787
15738269
14521915
11152665
11483589
18083107
17545600
22479394
9148770
1377674
14602047
16230355
11844797
15280375
15175272
11732925
7876239
10646504
8137944
10477597
9820741
NA
9162092
8622669
9305639
18086677
14744793
11744745
15537644
21918188
12628006
20345711
11085981
26198631
15536091
25770215
15315965
26353931
20450893
12707358
12645577
24386391
17255105
8163498
8626720
7678277
17640867
20543562
8626492
6333425
2941417
8756631
21512132
15731171
15650026
11719514
17721441
16282370
23945560
7565807
23321516
15684382
16825320
18084323
21799006
25982277
24441043
17043241
17698582
25851605
22014572
11396978
25691442
17325038
16888681
16007156
15605001
20713353
12621049
23906537
17251915
22584579
14555644
22155408
18332867
18391971
19767773
8943214
17363312
17909537
24243687
11162897
18829551
3878148
15542423
15629896
12140757
11096094
15131019
17129768
19318566
15525603
10485450
15133039
9570735
16195407
15059887
17555712
15761874
17116727
15897894
17277772
16671893
19737086
18362891
10364179
16619028
18089778
18216014
19851329
18974049
18458084
20937773
26036637
24484936
14993214
19129219
11555640
17898872
10843914
11290523
20305393
22051193
16713569
17408621
25445790
15228085
207708
16442073
18667433
22302992
15102843
17536008
9658162
6255944
1956339
12705864
1281549
22124450
22410782
19238206
22207502
15611135
10734133
15738637
17684529
12069755
14739301
15272003
8626456
16382138
15494311
17072339
22196886
1425574
23115237
18490760
19609947
22547678
16916935
24614225
21552281
2188730
17468758
16177806
16153868
9252186
9535738
2548572
12470648
7867073
11555659
12151522
19666824
18768928
20028975
15225553
24820414
11733002
12163025
12756254
16195223
9535845
10887109
10206955
8083187
11904433
11948419
10866658
12297295
12077256
20178744
11971983
3345839
9417067
15033481
2537200
16188906
15308678
11806999
18080319
10224060
8810265
8245015
11953308
10837251
22990843
19201754
9407077
11279195
20626350
12107178
9660950
15001534
26253696
9052839
9430227
24548998
20551309
20439994
18246121
19723763
10637230
18926707
15944709
8386367
17558397
19966300
20713526
17081983
18669648
15103331
18519672
19574298
12209154
10551811
16987807
15048125
15502847
16126174
26199140
20420426
17620417
20133585
16915296
12915448
12757711
20028971
23431053
21199877
21212262
19747733
16462032
24814515
25402682
25892238
18243099
18767990
19203582
26460953
25298395
21554500
18986304
7907095
2900138
18394876
22898666
16751106
18985696
24141421
9182538
15341740
20513427
11805089
8218377
25986610
9388232
16679323
15642728
17942393
14585074
12232790
18266962
12874834
11139284
15574335
9841885
15862947
9528769
24960160
15988006
18632985
18850004
21565617
22865920
10958686
24904057
10869435
16945145
21118993
18045992
10564272
21145463
17317136
19620713
10519551
16049014
10023668
11602581
19729656
19377469
24058639
18241676
19336568
19414597
18250273
20724523
17635921
23824184
16116087
9679146
9677319
23622247
15084291
21873454
17346701
12529391
8810272
15611095
23219531
16611744
23374352
17605761
14701738
21545357
10611228
10672017
22514323
14507913
21840486
17989716
25293974
15093545
19111660
19788416
18246126
16260719
12809513
10976919
11368516
9256431
9111075
9529384
7688313
12577067
25948581
11369442
16985262
25014183
15722453
11237216
8384714
12163482
21550420
10660621
12954634
18022353
12573436
20428248
21751375
9037008
9773981
8941362
16835236
12789342
20551513
9215639
20577053
16308421
15299023
15894584
15059963
12496368
19066288
20643107
15729360
19307009
19294699
9808460
12933808
22027822
11997511
17499043
19646959
15128734
21474068
17604722
18471544
12876286
20038797
10523647
19359519
9013710
20188095
19632174
9115275
15007167
18508557
12361947
14662744
21123182
12646642
14551136
19321744
24055812
22469974
9500443
15489227
25089799
18439422
14729949
14743216
19911008
15516339
20639196
20364151
11027313
11931769
25557171
20504937
18362169
12628924
20562110
17991436
18178962
19933278
12230568
23100252
10938077
19289499
17183360
24634218
21232017
21763497
20080798
21872579
20932475
19713527
20404851
14633987
17277779
21049038
11772397
15226371
16421202
16130142
12563012
17110524
17085525
24610576
19470783
14709404
18648664
15665056
17158339
16219803
16038801
26215804
19549985
18796635
21822309
22286759
25694429
23509302
16479000
11416140
14504278
19255442
20801872
25531779
19395553
11146558
21864676
21979959
15676024
25799996
17447891
24269888
20388708
15205468
20034469
8647880
9121492
26317805
11860271
11278841
24305806
15615712
8247525
7735324
20706670
21481194
23151663
22343533
9732876
10942775
12150994
12801888
20974850
9689110
11074002
10480932
11740493
14988407
15561800
12794086
20542955
19597496
19343040
12573484
16184197
16551633
10938283
10377179
12048211
11162439
8119938
10900149
11742073
12857724
15659558
25100564
19111882
23524951
10910062
23508953
12769847
22790199
26139536
25533187
19265851
26351843
25568665
23100465
14967450
16288292
17296730
19726546
15657037
23166821
20832312
9774674
17729308
10224067
23290522
9813058
15221015
17197390
11257503
11994401
10582086
17563747
17543278
15950906
18234692
15465816
17875724
16219639
12763138
7701321
19413330
18599021
18691976
11533249
17129668
18354204
18519666
20889502
10551817
20699359
16256737
18722525
24189531
11983697
18314489
17981124
15590671
17188031
1314426
23782693
18052938
21980398
19723873
17540774
18647749
12213825
16009338
16714289
19563810
17601773
22369944
22080951
15632071
16959612
9374525
12167624
15009097
150091
11058129
15241418
9380693
19914168
19914161
15292219
20704570
19951945
18321991
16862174
9665135
9892110
11790301
11359933
17429065
16027725
9716487
8174677
15786731
8934572
10811661
8612579
9505191
10661409
9143707
15676205
10455134
9312143
11160134
9374521
15849359
20135346
12351658
12624099
16129690
15199052
16099428
21798082
15001544
16020478
14769130
17709744
16574739
15069075
17360977
8265614
11897402
11313948
22609948
20639871
15454084
15743838
20860603
9689133
11104755
10748169
14576165
18667537
12551931
23223335
24101510
8550562
12972613
10446903
18313378
26337656
16965765
14580335
16410802
9724653
8797825
10713156
19408108
15152190
20385620
16246346
7862124
10329646
17965022
16493424
7796813
10880512
12514169
10195894
7739562
8657102
11087742
7878466
9480845
11254732
11714830
17706453
10230406
17910475
9873017
16306936
17020950
16858409
10671552
9463408
10224094
15845548
15975092
11513739
12055185
22493428
16782899
20802513
20658524
20802517
19815712
14739293
15026417
15707572
17317726
15561106
11909938
25847233
12540962
16054026
16291744
9418872
11369769
15070900
23454549
18701084
23836560
12379650
21804533
16491119
21902831
18479465
25733682
11986303
11114297
18071316
20807815
25578653
23243068
10202152
16169518
16144913
16912174
14605097
11522780
9337862
20043841
19940156
20623181
11085516
7838153
11432835
20101225
18984578
16741565
16076840
8308015
12856811
10428798
12118371
12714702
18372406
12093745
16452229
10949034
15193262
15528270
17627277
20841568
10096242
17384676
11146623
15650024
7750494
16288047
16767162
25802336
16481357
15031289
16100109
9804763
15035643
1105813
20224553
12408818
19339690
4709074
20818375
19219072
16997566
20677832
15941828
16199523
18082152
22863532
10567572
12039864
19879762
11163237
12051739
11847117
19395874
9852076
15225643
18450493
8692945
7834747
12000759
18845789
20010695
14970194
10675325
9560226
10704819
10085136
19109555
16044149
10558990
15037618
11020382
11577096
20471956
21108945
18619531
18171990
22826432
25601159
21339738
17525332
18783938
24728176
8382377
18070599
21293379
12925710
9430661
15173573
9190913
19079244
25823024
23108047
17420723
12761204
12392720
21460856
12147700
25701194
23888040
24821553
17507382
18077224
15510216
25605334
21264250
19015526
21130744
18769144
20023394
25066234
20188555
12741986
15878393
12757707
20713054
16901786
7479855
9685341
8182057
14679200
7925440
18536714
8892604
23890999
17332358
17478428
12527906
17570479
18854157
21763684
21757780
15908798
16622404
20096447
9733784
24413084
18833288
15314172
14581488
17428792
18025084
17459151
22123827
18571408
25921070
18644470
18250156
24162653
12084709
12154078
22588298
24240686
26324325
15546863
14871926
17376776
18772547
11877382
14625304
16678109
17644383
20164059
8619999
16141325
19412162
21655083
19996108
15456759
19414588
17690115
17974976
18848520
15456891
18283122
20016603
23202365
12764129
19217413
24174529
16554309
17509614
11883935
18319725
11491305
17135249
17218262
24835992
22325354
9053848
10608804
9710592
16424036
1832710
11773080
7609904
8663443
12788062
16478998
16904644
19041634
17698038
18211901
21199872
16524884
19029252
23503467
18261457
1445393
19648910
24942739
10607566
11788593
10772826
16769902
19078967
20215566
23637584
23382200
10579917
11435426
11741094
16280553
10617634
10753747
8918462
9813038
18476723
12612085
18056707
12963828
19285436
15961508
11865065
23806870
20548951
19158084
16682003
21807946
19638579
15908796
15629715
23708659
17332740
21379580
11333986
20043990
23074268
22457348
23754751
16533812
23213415
18037959
16980585
11050113
22534489
16254212
1647028
3121803
17535448
24874608
18418051
18174154
25379016
14585975
19001857
12097319
19158275
18768816
16044147
16151013
11832478
11017876
15288510
11706994
12019168
16041368
16944950
24616519
23851489
21472563
15190079
11071635
11733063
8143784
7721947
12024021
15853814
8756648
7637786
12564933
11379050
1333052
10734055
12200418
14976183
12351712
1334487
17000778
12590938
20179209
15231831
21419810
15705582
10949026
12944463
22820751
23332762
11222372
11287608
10195903
24610780
15944381
11877420
8131745
18089558
19602287
19923279
14722157
21151996
12011466
19007248
18318008
18088087
19690332
19815548
12687620
25225353
9642293
25128556
20700529
11790798
7809090
21892142
21146494
18332134
18951085
26170313
20716686
24207022
22243750
11081517
24841198
24120667
18184930
21081666
25012661
23161540
23349925
15728188
16584705
18692497
11114197
10362354
9257712
10949031
10329850
16437163
10022885
12529334
19404261
20152798
11146619
18805416
19917728
10353604
18721752
8617750
18348712
19114990
22179044
9446654
8313897
14729945
11809795
10448092
8972483
11997436
9931304
17537995
17965020
20932480
10629059
1650359
12087100
12941475
10433356
12974481
9015216
17228025
10347215
7543416
12023369
15120645
12370243
12082111
15713663
25219501
18675384
10587587
17030689
16442122
11557679
15882073
11856738
10838081
10102273
21072212
16980608
18622427
10322133
11606584
1425701
16126371
19296573
24882578
26029999
12850569
17942635
11812778
18938240
17456551
15592455
12051764
16616931
20850356
12869555
12196520
12647293
26037143
6304688
6430898
16079134
24331927
22308320
8477740
7915280
12060738
12082080
9651214
9570805
19720049
24983503
21822308
20717963
10322434
16226010
20007455
18698806
25635050
17517883
17130464
12524439
17277771
11882681
11723108
19088431
9516463
15634677
9856983
22544307
21513978
22349701
12554736
11278496
22238675
25948553
20089902
9407043
12392933
8663994
12609872
23678037
26319181
24825906
15883043
18198212
12591950
18474606
12642610
11604510
19556341
19802004
19359662
198400
23000962
24747440
15952790
25332238
26205662
16640565
23954233
11113134
17803936
22198508
19789182
16212419
16857009
10790433
16874740
17560670
15523052
10230405
15322554
25707853
21954290
11583630
10993906
11687594
9516477
12522132
16251431
8548803
9235942
9099694
1426245
9632142
15850787
18455992
15456853
15065869
8578591
7537265
14643926
7512694
2236073
7512695
11042694
12843408
11042679
15584898
192223
1137958
12730204
1924301
10823959
11004509
10373416
10969067
20534535
11032890
7566089
12446661
22267086
19534553
15525651
2478889
22230807
17429438
15905572
20047289
12351702
17440046
16125839
22911818
24024586
17185395
19841061
22401993
19812390
20156337
15817653
25847991
12000743
2019585
7873448
18838540
21148795
19586900
7532278
21940946
22465714
11020388
12379484
15006641
11518699
12590608
10575014
19270680
19273602
17964260
16926151
14565864
19419955
16207715
14985336
15063792
11032419
13679147
18408216
14699148
17317207
12586839
11796223
16678110
19364816
19528229
12058028
17129767
12690110
18414052
16055744
11756412
11463845
10753973
16982699
15001356
17283049
19822666
23745637
23737759
25411249
11779850
16581770
16251211
16678112
16822942
9278383
20346739
17611195
10781066
17992189
14963018
17502367
15784679
12108949
11248056
17312100
17944866
11157749
23685072
25544752
21658600
16103124
12468530
22539723
16603769
16904321
18676864
22492984
12242151
16227588
17289999
11163539
19164283
17890878
12804776
14670973
15816870
18343609
19656944
18173747
17705132
22718198
19064990
19558215
17272513
16672217
19124744
18843277
16291751
15955096
15781457
18243132
12818425
19154347
11844788
18396147
18053794
18809386
17804646
18812468
17530395
18314536
17099721
18329191
11895857
21248772
18786141
18930904
18706393
16806531
17855482
18996451
23374587
21419339
8131851
21806989
7782323
11723111
19114552
15257295
9155017
10022874
20049328
18662546
18454201
20508646
22302987
21873209
22493066
21871448
9620850
15729359
24117238
2492519
21325639
16551624
18431400
19622405
17439941
8910597
11779860
11278269
10880350
12202491
22509025
11094073
7692086
15380092
10550055
18495079
15383280
17195092
15660394
15004527
18347071
15121866
16621789
17084360
11941372
19805045
11433294
15852005
15461588
11751633
20940130
11882288
18062917
17353278
16973135
21724833
9734353
19141652
24117889
17009320
12432063
11470825
12640114
20026641
22056988
2198694
21362399
10644691
19061640
20418918
1410807
8638126
9556553
10775268
22173096
17254970
15905404
21822311
17318191
18957423
16199882
16476742
22094462
26068882
17287208
15371335
24240237
17052462
17717075
18316399
16950122
11983685
11149923
19996314
17875709
10549281
20368362
18285803
16299810
9307968
15313914
22810896
25311788
12791272
2526655
9784386
2787757
7532092
21262974
23776207
21749319
7805884
23205726
3379075
6090944
2984676
11185568
1860884
18042729
16793002
2987962
12359306
18037521
20692258
1556153
10816576
17942932
11237525
9880324
12601080
10980595
19059208
14662762
14517250
16043647
12446767
12791703
12501214
12171920
10376603
16126727
21486282
11983694
23496660
8870675
1140412
20403327
20513444
11897506
18596912
21157483
12011097
20592862
22153608
10098492
11279134
10734046
21865166
16551269
21666722
15337770
19948722
21695243
19805514
18929502
12006580
18927618
22802261
18660752
16912047
11313881
19303924
18213392
18794899
22945643
20616879
18408756
18503552
18521079
18840615
19376752
19837943
15706352
19015639
19491197
16984923
17138645
12446789
10995764
12242309
10642536
8756628
9535918
23028682
24376897
18940270
12709442
20724438
26088138
25091155
20858457
22925454
12734188
20021694
20305300
24098381
11050117
12498786
18270268
15843435
22014578
24385580
9230083
15197272
26010871
16873375
15623525
10377409
1382070
25867068
21818323
26042733
10970850
10893267
17553936
14993232
24379416
18725408
16144865
24413175
26405038
16438931
12840026
25301939
18078820
10934208
24358021
10993892
8404858
10085115
8443411
7743995
14597612
1396589
17693683
25088200
18593881
22829587
14712216
15570572
20171170
19703905
20080565
23933132
19150984
17360435
11810239
21602882
15159402
15362974
9820826
26028036
21700459
25737283
23696651
21646402
25454945
15037602
22072796
19237534
20682773
17040896
14697231
12435275
9575153
25003822
25860957
19584300
21565170
18332217
26303530
16581786
25081543
18847512
15878163
22927831
16602700
18491381
1400350
17389604
19053530
12105215
19796173
16512921
25461922
18680479
17804818
22558186
19063602
23184662
22610972
20580708
17015473
16046550
18583928
17192257
16325401
20147522
21565702
20360007
17095507
17570665
7569954
9079638
11063592
10764782
8955127
15023990
16950792
17008358
17283055
19812035
16551655
23390129
26269590
25114176
18695040
23977387
20682256
22518003
19801576
18836075
18782757
18235088
16173077
18926762
10795740
8642271
12721308
11002422
10755617
18641653
11734559
19524513
10358032
20547836
9082980
8612133
12167698
16611992
18939944
9714541
22888005
16287852
15175761
21903422
12897056
20145147
17339337
26384650
12788948
12750368
10974554
10581258
15531928
15326481
15073170
21475306
15175154
18332866
9223279
17707234
20870725
15608685
12959929
22728651
10706102
26158765
11175334
10710310
11526498
20009884
21832239
22285752
15471885
17245430
15254178
19861417
12902982
20562916
11875057
22797063
11244509
14665630
11397945
18669630
14517211
12531896
10570149
10673501
25584963
21148320
21454683
22030623
10202145
18778462
16818520
22815859
20673369
15843377
12384533
12091386
12427754
15269203
11896572
11258706
20041275
20024960
8327466
15064747
16731759
10656795
23871434
11551930
21383696
17135248
15671037
12969974
20962272
23798621
10734067
11030628
11850826
17698850
24657168
12955074
14527925
19882354
14612532
11583595
16377624
11447225
17977830
15963507
12861053
17105820
11707453
15750624
15140942
18159951
25431954
16651424
11861384
12756247
17363488
20696760
12676607
10673500
12810724
16774943
17967874
17121812
22112863
12860987
17353187
18593910
11495913
19819244
15322239
15489221
11423984
17015431
16990795
9372954
11483158
12824889
15178317
16501611
1848668
14712210
10969818
9841917
12242345
12967652
16917513
16803988
16557594
24462112
20118233
17409411
18239138
16782091
16917063
15674334
16139958
1301998
18758483
19066201
16584535
12370809
18022393
19918835
19571673
19250907
20876186
19696742
18482992
18586681
18930133
10725395
13129934
23263986
10654941
19691289
21576361
19415658
24248602
16729043
15985438
15219672
16815842
16829981
16469638
18806262
12067714
11029657
22807451
12059963
9009191
11723117
17072323
11970948
8934574
10823840
16888014
15696159
19217427
15210709
11118439
12588874
1756735
15051889
9326598
15897879
20123895
16405888
7716514
23092334
25694433
17473008
20702409
12682293
10896784
14660602
2116421
12606711
1370476
1708307
16038803
2479646
11121408
15654973
8084603
17024177
25795775
22128160
12738763
20606012
15994200
20965945
12588979
18490441
22907757
23286197
17980165
10362514
15548533
16609150
21041666
18981471
12574116
23720738
22158970
11301320
11784866
18845787
22100296
22310722
24280220
22076634
17635916
9507012
21087603
22228765
18063480
15471852
22975325
15743830
24362026
16912074
16606619
16100512
23695357
22981988
25789876
23619294
20850451
20151718
23277198
15024053
14607845
17389598
19029298
24840177
18703509
11948398
15755722
15383279
21726532
11912133
11741879
22276203
10867018
10197446
22357621
26580203
17703233
17939756
16563698
15688006
18381446
20597130
21300025
25071014
21356307
11313365
21042280
25100728
17548608
18728186
15537647
18701889
23462102
16917505
15047168
15608670
21743495
11809760
16963136
16280327
24819169
25320242
12169689
12062056
20028775
25943101
11278872
17545609
23434580
15289327
19920202
15169778
20708153
17077177
17210635
17827393
16357520
10973320
25447541
15821749
15695828
25868858
10864894
16753042
17270736
23940660
15084259
15319269
15475446
12000752
16807298
16407838
18039660
19638206
20233713
14500543
19805619
10625301
11731414
23474758
17586693
18765673
25361894
20471940
21795477
18480058
12393602
26065416
11409731
22084251
12499277
23913047
14679308
11821945
25257795
21208159
19448664
14990993
25719244
11002428
22580611
12438236
24735537
21996732
19800394
15855334
21285358
10617144
2806554
10559231
2848118
12556519
9635432
18772438
16847331
20637892
23785518
16571110
17068149
8261514
12151401
20060891
9528799
17404396
15880455
11337501
9045708
15890648
17206380
25472841
14991569
12151396
12050114
22252318
20230789
15657420
21385839
12560341
11983427
10514499
12613668
9660757
10893237
11812785
10542228
20797634
21254166
7635160
8960373
8798443
11313925
11711551
18211802
24269383
21087211
15952796
18220336
8381049
9649500
17311928
20974802
14731402
25500543
21304492
16341017
25301071
24794231
26140605
21887268
16890161
25735981
19828458
18212060
20920535
19439498
9545325
1899200
8089108
17804409
21502402
10655479
12529413
19524539
15672448
19776015
16564677
11231586
20960454
11259409
10806197
9836513
23024368
18694962
22139079
15192708
19931411
15466476
16464493
7867743
11971971
19282669
15486195
14555991
20444238
21079800
10537323
14768064
14697653
14732590
18676833
15241487
22216253
14993270
14701740
12721286
23277279
12620228
21098478
15060146
18022807
24049075
7777512
18624908
22306348
10828059
10022832
11030732
16973330
16778989
8626435
19767751
25342748
24415754
10931950
15262992
15994958
14645010
11378439
12832043
14532121
16243846
16522638
15623571
19830907
19914200
18852266
21075214
26161867
24033439
14761950
16645045
15822905
12226093
21327254
20466736
15364924
21367866
16923168
16095576
8506352
18725412
25378699
16464956
24312574
21731772
20159774
9716264
17906291
16115884
24757378
24075978
26555036
10652349
12356758
16314496
22595671
23919615
24044920
16456541
18923149
22187426
22430208
18787396
17924679
20860994
18083840
18545697
18245089
17095509
20538595
26181363
15950189
25728771
15125843
8597870
11123293
19114066
16854453
2507633
8670219
10809756
15118098
8798697
7687743
8626767
11466320
838735
10906323
17016429
17685427
15788397
15788406
14690436
9115393
10643560
12361576
9620776
9705322
10611249
1374909
15082510
3919024
3929139
8786435
8145728
11713280
1849000
8858930
10347206
7916637
10488094
3805010
6162091
6305455
16424149
7523419
15368451
11917136
20729838
20334631
8522590
25537517
17898082
17084817
9524113
9463386
14703513
18272581
25070846
9566918
17526488
11991981
12354379
14729983
18309294
11847121
12970180
12812981
14517246
20220133
18046461
12204117
11971192
16984892
15708980
14567915
26258887
15850461
11877451
16308312
15068801
9891069
25310587
21465527
21943220
22163316
16760465
17574025
22147914
20630875
9482736
17187069
23300942
21859862
17947236
15692051
11463746
17186025
16720344
18296638
18594987
15071501
14973144
7679388
17826980
8631894
17609107
10785511
18586824
14637146
11713228
21336504
21840391
17369848
22617334
26188358
23953109
20363734
12633850
18794113
18974096
15694340
8373790
19941816
20093040
22187458
15893754
23893240
25869138
12812918
19411760
17988215
20736310
19885840
19522758
19557826
16606612
23469151
21849493
19889641
25637461
22315227
18343814
25394490
14579119
11813001
22344688
22079575
18178617
10852916
18238775
18562315
12505616
16959772
20064389
21400129
19004816
20356833
21865317
10617630
16957079
17296554
15834418
16847063
21562258
15944382
17652097
14645218
22538189
24565897
24637622
23418396
21343287
25012983
23086955
9647734
19640509
24321511
9244383
17097062
11551964
12065642
10217279
9108011
6087160
18948619
18280241
20573420
23416070
14500912
2861485
24211614
25666058
21777522
10037142
21242966
18187866
18598945
22037869
10373465
8702701
11729123
20974683
23433123
17651736
17894550
19451232
21336308
22522402
4092695
23429703
1359877
18062778
21098032
20068231
22828320
22393468
25755282
23105117
10650937
21832156
18297113
24662830
26595804
12386167
15695813
23419774
10831586
12093740
12042314
15302935
14504289
10880969
16401070
12237306
25689261
18326489
20033852
17121855
18657069
11877461
18976636
26523394
24055156
26190260
15604152
25595898
25699712
9528788
20977274
18259074
18832097
9712874
11741536
9367996
17178732
11042212
9582351
15569672
17765974
11904443
12907805
11896143
10734073
12604330
26163515
9677407
2170388
11325525
23143515
25878107
24338362
8861947
15364936
10212259
11479288
10827168
11160423
7798931
9109540
10908300
15071113
12928489
8753794
17941647
9636039
11854448
18708665
1680128
7509863
10077673
9197267
21135237
8700533
10910043
11463356
9580567
1281449
19582779
8635594
16407128
21331046
9341200
7890745
2561875
11420699
16140754
9794428
11895474
14722118
15107581
10101032
23455424
16809782
15916534
23165767
14754994
7525582
22511749
20056922
22304913
14514795
15790957
17239900
16407108
17643448
19182667
25117710
19199007
10646534
9867809
1645727
20643921
9920909
12531901
9016342
8876242
9054461
10571231
1334482
7849051
3118371
9395533
12871946
11978810
7891174
9425005
10336484
16982421
9278528
12810529
11784723
12065600
9836440
18826956
18378772
19665974
14611643
18270262
17190791
16083423
18451105
25627689
8523736
7799965
26310448
26251448
11967229
26206584
16682949
19927128
19561170
9649584
17053865
15769444
25009260
19710323
22315223
22002060
19458085
17911614
8288587
24103589
12198130
23500464
18829532
17389395
12554790
19103606
19673492
15084284
22922712
15109498
11238952
23078367
8318012
10514522
11035786
10984483
12645522
11487578
11050185
16048649
21533037
18483222
16109377
20535204
21779453
15965233
18829461
18566585
20851342
21448926
18250157
24247720
11553333
12804574
12144526
15184667
16472257
23541585
12495628
11287002
15003508
18995835
19851336
11384979
10356987
15096528
11278789
12560483
16325270
17158456
18239682
15611134
12140753
15367680
21169990
11781833
10869359
19933846
11293329
10490027
22378069
1748651
8073291
8385802
7731720
3043188
11510412
15710605
15258589
16093354
11410590
21917714
9135144
17906693
7997270
23660596
12228228
8649450
7744823
10866655
10085121
8824585
10523642
15665049
15124925
8549741
10869555
15857832
11682477
16424016
7873542
11904294
15020233
11035810
16039586
15175348
1716348
15010469
16319397
17074886
6167574
19203578
20656690
20551964
2787365
21728385
19661922
10559944
10206983
20921139
21252625
20427271
21148584
17612487
24069188
18819921
22080863
24849651
20940300
18454176
25969542
21577206
25844069
22508986
9465032
11914378
9271440
11910029
8390988
9109675
12900408
26259146
9804419
23977272
15546612
9305905
15299025
15005626
21245099
20110267
17913709
21880741
16407284
10860980
11719519
16109788
9166747
8429024
10531372
10686433
7829508
14557263
9407078
11432859
11536016
15383541
11051551
21147781
20015111
15040786
18166671
10446213
10617655
21209322
18411282
20080774
15522988
19171932
20074060
21099273
17525164
12740371
16351573
21598922
25266655
17900900
21321328
21459323
11724780
21918180
19170765
23291169
18063581
22493448
22456184
24657721
15980064
21728993
24446434
19815529
17995453
19118035
17053782
18593906
19923321
17609368
18949077
16606369
15342649
17919121
9368058
1684878
19942859
8910387
19376078
26083411
8652652
21478464
21331044
9868371
10574993
18055217
9733513
16571722
18486448
10702297
1143283
17938195
15249581
11883897
9054510
15485924
10715123
14988408
15870194
22065579
17639074
22584576
17227757
18158334
26323690
17786215
21296876
9832506
11113184
21189248
15367694
17606614
20006706
20828404
7615546
18644434
15170389
23980151
19783980
26175159
21156283
20098430
25466889
21719533
25125660
21566085
23340249
17726028
24469040
8943354
8609418
9028317
25332239
9362479
12077184
15316068
22750945
22460725
9235901
15475516
9349532
11313903
8576109
14977528
1847995
1320017
8026589
10598579
20331961
15856019
22203955
17023142
14701748
18246070
16508312
16469705
16199863
16257963
11443111
12591939
9305909
12639913
21145489
26411306
25829494
19363486
26091349
24793790
22577147
24589734
21664290
26237679
19671522
24637538
17553808
19015317
17785528
25909891
10500146
25831123
22451679
23077056
17194758
21499257
21465480
16964243
17287340
16565220
18802026
17560599
15340086
18487454
9038181
16452125
26286990
24360565
25572400
17496250
17646876
20513426
17716669
11486042
9478941
17621308
23291182
17535851
21076410
17197699
12682249
11700305
25871347
22022399
24390485
16153597
15831458
18442975
12565829
12659875
16581776
23129228
20624369
24561619
22462548
16817901
17573779
15972390
23431199
21854064
17433303
11171116
20231899
12919947
8530476
21689744
22570490
15143065
9596578
8702940
10814834
15680915
11726284
16336213
18650551
21173571
16360037
20098747
12867425
17728323
14695475
15125833
15620648
11057907
17562858
12403770
10085131
19946213
23774215
12114518
22298426
24114840
25447552
19881501
17224452
19897728
25013939
24464579
20488539
18802022
23395841
16906149
23686296
20194530
22592407
17892531
18430726
19332490
18249094
22446186
23034388
18644792
18326500
16870612
22389502
26149501
8080473
12540842
17368569
16800003
20858431
8182108
20536391
11027280
11879191
20820849
989211
9256479
10587642
18594563
16285702
18769153
18066086
16831524
17340632
20372056
21615992
19652550
23843618
16111636
11941371
22180838
21799000
10842184
18233962
11991950
14665442
1656468
8622969
8384219
15474498
14653998
15721295
19812038
18641122
22771119
23071094
11122378
16709866
19261619
21080252
19140803
9867858
12502714
21297032
25855378
11080179
12077183
8702648
15798179
10628747
17173941
18202149
17717077
7476977
11509655
19706513
24302725
7983041
24358311
22474382
25446258
23178880
3119581
3013873
11773444
19116316
20048153
15125835
10334944
9925641
11786537
11029469
10891492
10648599
16282323
23912711
21924351
18174237
22615491
23519612
1381507
8226933
23918819
21857030
23901111
20551060
21878504
20101026
17681692
17205132
16848763
26146988
23478441
10375532
11425869
21715330
17409098
12140288
19473963
25132260
10781063
12907657
11250155
16880511
16195327
17254966
15034923
16627622
23597856
10898738
21372139
23378027
12851456
26080397
16000309
11707464
17512500
16224021
20844761
10473609
7525583
10212242
17693641
11747808
25921067
17484111
12771378
17974570
18843049
21743463
16868023
17023045
15692050
14560001
7780739
2154696
16223874
22258404
12478298
7702631
9069290
9384584
14657031
8622996
8702879
11463337
9155018
9592082
18930812
25900831
11053353
10575022
19593530
15136572
16527820
16754797
21757745
16428343
18622039
11292821
12574113
17116756
16497987
10671564
16527893
12644458
7532810
11923282
12021391
16476779
17360427
25948586
14633983
16140914
16027165
16316999
10688886
15574499
10852966
12087092
11042170
19749799
11154276
12697749
16532036
14500571
11920685
22544756
15094778
19590015
17456047
12391142
26138431
20545769
24715453
9430669
16513652
20229235
11524435
21252624
15747065
10542239
3133391
14594814
20305697
15647282
23644467
25231975
16790549
20708941
18848778
15375164
18667412
21112387
18258429
19137675
12837631
12829703
17251008
18082599
19098900
18171681
9761967
7961967
3477999
18075516
17355907
14976552
20354225
15060171
12409306
15342622
12840024
16216881
14699119
19520843
25846811
15693058
20400510
15946941
10805756
11120880
15889150
12973359
15610029
16314517
19010785
10766840
9832503
15037762
15150265
15964826
16837460
12748192
7565724
14593110
17167773
14680475
19764811
21668450
19664994
22510711
17698598
20153492
19339242
6243946
17965729
19202191
12682370
7641687
8253780
9195912
20150913
20417602
22405274
9989795
19010922
17317627
19884656
23686487
19591856
16935932
18279945
16990552
18408768
17545155
26269433
20534587
23144458
19524541
10739259
16729963
15147216
11438671
16096646
16916636
22921120
25505069
24886973
26279575
22017874
20974803
21617040
11809767
24003153
24690384
22275358
11146000
9461522
12962548
17435175
17875931
18767071
17641686
22789442
18429814
11274386
9130711
16990137
19586055
20068082
14970201
17488622
9857026
22505454
12356731
7935360
15854913
15282614
15637081
18786561
15767678
18553930
18497258
14536078
12628165
15194120
16609025
12551902
19188143
11311121
12037680
11546811
16733250
7520867
7909431
11313479
15538382
11896584
11689711
16959574
20226003
15972957
17123483
11108967
17242207
16531993
19567367
25216677
21878642
7642584
17145764
12464600
10636859
16311512
16481012
11836244
11042189
17967490
16870705
11923305
11676480
7518772
17507376
18239683
10930415
22354967
15367661
24270405
15461589
17845852
15545630
24318128
23415227
12356771
10644696
16713561
17644518
17892306
25492867
23258543
18326031
26280535
18695677
1327754
934118
12138205
19367720
16095439
15688025
12761892
15713670
1551424
1696481
26381412
24469230
7678248
18021073
12133000
11500362
20932473
10618498
16608857
12189148
25238393
16481469
16571352
11960000
19549984
12409307
9694886
19531356
20448038
18077418
18283314
16642037
21145366
26192437
12805410
15665273
15855157
15331348
21708125
17317687
17913704
15528241
15378030
24917152
23041284
20231902
9829964
23603119
18476811
26443379
21071408
9512493
9812896
10983986
8954982
18808171
23430973
17284590
16934801
20619274
20347035
19151997
9753425
12783867
9006901
9747873
16107342
19520772
10064595
15520196
26513018
17922032
15574597
17301223
9688562
10347209
12509442
18262493
21670282
20107112
17699554
18276585
19074769
21757714
15302852
20351294
12857742
16537542
16887806
18502908
12377790
17850865
21807936
21072059
23547029
23970419
21731694
23844208
7890750
12096113
11383510
24867643
17563743
21468893
22389451
21874044
18514071
20655196
19276349
19799413
18790738
8999860
15630414
17256767
11278268
9742107
18056702
25601402
12387745
17910481
12628243
15548520
17176113
18662541
6196363
7542745
14715536
10830164
10748061
24101154
25605730
25751139
12535517
21364637
23435566
22142472
7615553
7906413
18684994
21818122
17026964
23711376
9394826
23049853
16500585
10706390
20005263
19272359
16928191
18061612
11158243
24023879
12468532
11096101
15511225
8175657
9368070
16129694
11350077
11069887
10603348
12878206
16930555
20805321
17522053
15209507
20679239
23661607
14592976
16246726
12207013
12032545
17489982
26201077
18056432
23750008
17561512
15704244
16980960
12511603
11027273
12095911
10187789
11854496
10980711
25660017
26012549
24844881
26206521
15713655
18615013
22081024
22281053
24349352
21454580
20603326
24785407
15611664
18477460
26114094
23442801
21947279
23188630
25855382
1648089
19680264
22447027
20335502
8592152
8663493
12070130
21726809
15979581
20176813
23378025
21414324
9148895
10801846
26235616
8670801
12574403
11585916
10085114
10934204
2833817
9582122
19201597
11448776
12845332
9581761
21779492
17626041
18438403
17255956
22152481
23180782
17604717
12773629
22075988
16327805
9725911
15988018
7678037
15737063
25746002
20654717
12684542
23548149
17627985
8413226
11859076
10318869
16690701
19778940
12809504
16537394
1547771
21673106
2108863
11278334
17416610
14966518
17046826
8611507
9765309
19887526
15539760
10978317
9468497
9872330
22710716
26217035
16397254
10606530
19293151
22139477
12221079
18547545
10047984
17895359
25068972
12081505
10092231
15333633
21336303
15695393
12716456
26169356
18079119
3839510
10704379
11673466
26152729
15056655
18854160
22136066
18835557
10514500
12802051
3036866
11955435
19592253
17066080
9058200
10618487
18624755
12076252
18755856
17558410
17875940
16439210
16921029
10829062
15922744
12604776
11861651
10488100
21292762
22375000
17055984
9162044
8119296
11042191
22704991
15271984
19864431
12631274
8619990
20351091
16955137
14592972
16467385
15064744
12766774
14505571
15668240
15282549
15123609
11087752
21606194
19293931
18698484
18794881
22891331
19345329
11943559
16381926
20212113
15629897
15951562
10799319
23114923
11145955
10329725
1722028
21937427
18347021
19308705
14657255
15450949
14517323
15229649
15324660
24486017
24962578
16510868
16436377
19801649
9639556
16554440
11788583
18617517
20724476
20663917
17535969
15763073
19115206
19796649
10623656
25963979
19246484
22114688
23358244
15972820
11781324
9211903
15707998
16343483
23242214
24475316
18836482
26005049
22356768
21569246
24019536
18201571
9482866
18578504
11334882
24737791
8183343
9952395
12379661
9728925
8625412
11675505
9115280
10037467
10846184
11553682
11677266
11246149
9670010
15880462
11593413
7656973
8386317
8065321
7510704
1320022
10359611
21482799
21157432
1846321
18338982
16895907
9644267
10866685
8550570
15147202
18714041
11295434
21730325
20031277
11259586
11677226
17202342
19272177
9428518
12867433
9768361
10485710
12507995
9223670
7608146
21262846
11516400
21335236
18227431
16308564
16317044
17170109
16940053
14990580
24324269
24121510
12837246
14992727
15845385
26368121
25096571
15549133
22615398
7993631
15621037
10556585
16155364
20059949
19801552
17698587
18981475
15578921
12050670
18528331
21944579
12900447
20093360
11483992
11546872
18554677
18202225
21357689
9223293
20496096
25263585
17257598
11158295
16094384
10908600
1846781
16023596
1516134
11075956
18042454
10757975
17683481
15466863
17902168
15652488
22778263
11563975
11340086
11749387
11884598
11532965
16622840
19389701
21873430
9736715
9601641
7798217
16244663
11342549
20841359
17681942
11063740
11897496
8524413
11707456
15073180
6090457
6091765
7231784
23314252
23629659
15355962
21349850
21423175
17382906
15557340
19050041
11585837
24108125
26008601
15287743
12522243
19657222
21397845
16461353
24337049
22226147
25556658
15108802
15190208
24022404
8596638
25675530
22307329
21177766
1651323
19118012
12490281
17215518
12138090
11080633
11517230
8302267
24378532
24482237
12488245
24505490
21642394
17164239
24992705
8647875
8999969
12165491
16407553
19076070
9341188
18320585
11278906
24142698
20458174
19369249
19641375
19329436
15824732
19131331
1312697
12637568
17617058
11994271
9593683
11086994
26212009
20564219
25726523
15210742
12702806
15210743
16127453
26407194
12727876
11839743
15175153
16364914
24413556
7514177
14737100
23720309
11533025
6412713
15121840
12040031
12511555
11846792
10749215
2933395
21316371
9736641
16895908
10681522
16601678
15273717
20188673
12058067
23955714
18187448
21586567
18722532
21570469
12441351
12621058
18927583
18250087
18851700
24142875
25622105
25823026
15024426
14599745
10358014
11311120
17522590
18375530
22992773
18612045
17301055
25658204
23185298
21646527
24561342
26306039
25012575
18838687
18695047
17721437
21486957
12024216
12486003
20029029
11719502
11782491
14981079
18071304
23911290
19289571
23195225
15098027
21310953
15039423
12920028
20076769
18297283
19396164
18521086
25409762
19144650
19136008
19609548
16377619
22821562
18056989
14633680
24637719
11084041
20044958
15159416
21460852
20129940
18381464
14625384
10464286
10469656
12185072
18508628
18813292
18339632
17973628
15663479
22384276
15308669
17003045
21152872
22751010
14612426
25893644
16951197
11723116
2168396
12359732
16690614
22128155
10644707
16949365
16198087
12974676
12435397
15958277
24399133
15605363
12808093
9721757
12239280
10806218
10781613
15735648
7750576
15674326
20887952
23110695
12509440
25056917
14676213
17486076
19645722
19650872
22820251
16365441
12297294
12548554
8910365
10531066
11895774
12515807
8626699
23383002
9988718
10362813
10617636
21646345
16880739
16825193
19126544
16381800
20670887
20373869
10439036
18762249
21501342
2122883
11278667
16857012
15150837
15289456
26150388
16376335
23386615
22334691
16585947
12410313
21622569
9694816
12941928
9023344
22479341
22311969
16888006
1575696
9675027
9368037
8749392
7961910
19036824
16262633
8617739
7604263
18826257
21750978
19282287
14613483
16331257
17635105
9155014
19542537
15680919
20095645
17765681
25865883
18353649
20167604
22585575
18066052
18243098
20948546
23844048
21357687
25557548
21699177
20962082
24510915
19734889
20090422
17585055
18388957
19158510
16647857
19223857
23918932
21665952
10818093
22443207
21421798
23844040
21559372
17332325
20400976
15328345
20525693
17715136
19958286
12935886
17244528
16054096
25999347
15620353
16140033
19394292
20331966
14722116
17993265
17823310
12853467
9182531
19553680
23071339
10961885
15069079
12743374
15504032
9697832
9712048
9545332
9670964
10358772
9388509
7719938
8946678
9122198
9764820
11689432
10508618
11114308
9768837
8798667
14608369
9341175
22101338
22491012
26505995
22715096
23645696
18578522
25189701
24711418
23178491
15940255
21118956
21215781
23001711
22033876
17045592
18424437
20067632
24618580
15652175
17482548
15576491
9735171
9801171
14517247
16386371
23712400
15618221
19151762
19375317
15910284
10504266
15955806
18250151
16904112
25825525
20424263
17178852
16862143
18590578
19444312
11013263
18977199
17906627
17101779
12609978
12506122
23589370
20571051
18490444
11165042
17488615
21317289
23337587
14611647
10564661
16316410
8999876
19197159
23878393
25693418
12534294
16611631
9528794
20503194
12451113
20045463
20154682
22937917
16431080
186030
16870137
23629625
23333499
10207103
21497122
23090969
26387736
25849135
21714498
10037602
23116119
23880761
21514157
12926989
8195196
11093160
11959144
8805373
10390370
14633703
17318175
9922179
11320080
11812771
6327437
8846780
18708529
25821947
19904978
19623618
17113388
7592773
25680545
9467953
19065266
23226345
22184066
17512459
15537897
19616514
26077467
24220241
21685388
22695718
23858473
20664522
12060753
14690499
26053850
16497976
10947959
11884411
16186108
11522824
17932117
18559419
12124936
24297901
12062094
15911879
14725621
15843398
8389461
24136234
20430630
20199796
19012317
19917258
16945112
17651432
22361354
17178712
19130553
18562319
8451194
22562247
7273851
11741533
11062067
19851886
10508590
16717095
15889144
15585822
9485326
25869664
6593002
20957047
22767595
17069992
21930781
17289674
23263282
20864032
24656813
19324893
22355754
23410663
18772238
20143870
25957086
7683525
24437487
19193607
23354097
19731965
19765076
24769357
21735093
25887626
15818404
17241283
16687504
21068236
22819829
16527823
18081315
23758859
21536752
19114660
20864537
24105464
19522733
25556531
19383787
24497973
19164285
21062285
26091809
19111550
19125255
18656473
26192745
20951205
22235134
25134727
24595055
19235466
19515851
12941954
9201958
11907092
1696597
11483516
15194502
21245376
11336675
10648825
8061611
15133036
1898055
21149568
21423148
21164023
25542968
9890973
17726008
19342684
9298995
10998246
23831687
15328002
15735735
2550144
10821867
10531334
24244663
22234696
16204256
17913921
16112691
17310063
15546921
11832213
21525957
19567672
15671020
9707427
14681206
17172867
20228808
22649572
17643117
17644761
20089855
19407812
12082625
16452462
18418070
16457588
25553095
21804608
15684425
21282660
20864036
17158874
22158034
11441012
15010460
21820363
16407273
15681610
19956839
12686604
25547114
16982762
10436156
19363025
25482560
20228790
25813038
9892015
16439206
18337721
12123582
15339660
18957203
17300219
19407342
24583284
17537991
12149261
2418829
17353188
26403203
10913197
17060321
20740684
11965546
19801668
12231506
16443755
11331591
15513924
18252715
11278951
22544755
22195962
10995762
12177059
14695375
20051463
22427660
17540008
24858692
15757972
23213356
24903464
15824120
23719381
20037628
20477910
9398617
8662759
19144645
26192590
16024016
11520988
16930454
15542598
17135279
19821112
19095658
25451919
22101235
23305758
18212250
23086943
9686407
7624359
12032083
22848689
9480991
12198159
9642287
8663074
23993701
15994335
19932145
12379180
22001259
23645677
18191041
20660561
16418302
18356201
23171048
19615732
26141949
21724829
16807684
22137581
26218748
7499279
16262601
7958915
15733869
9687510
9528766
11969286
22267324
14573606
15550393
20471944
25660545
18640974
25601404
9099667
8647894
12177195
19170683
11918673
7822264
2155236
24149858
1674746
12447691
9109552
8521865
10574929
8530412
11940606
15242616
19261611
25593322
16153182
24248367
2839485
12134064
21183680
15647351
25855080
1833185
14988404
17554681
14992595
17637696
19643477
18794806
16888623
16484370
11019781
8621540
8670206
15817476
15316024
11604500
12480533
22710723
19765263
12597860
8094892
11891216
15831816
23297342
10684652
19339517
11818547
17962809
12000790
15653075
9620878
9741626
18048348
8622703
11376433
12124177
9407116
8112292
9178913
14657364
12686615
20399964
17873522
17437541
12855954
7505438
12646135
9463375
11309416
24924519
12403812
21130715
1661585
7535770
15105425
10777545
22304920
10085140
18343535
20110357
24269608
25981199
7635574
21945940
17082196
15694326
26440524
11090544
22942288
18445594
15546990
11809855
20483741
16490784
20371672
18485089
19798690
9034331
25659434
25900241
21460214
21776420
7836436
9362483
26387949
20833797
23438602
12173909
4745563
4745557
15870263
15324659
21311567
18626018
12147288
14530262
9734785
25425665
20037153
18347064
15917255
24970799
11965542
12872159
18184656
22223095
21499261
22179316
20965415
19234442
19351884
18158901
20065038
16310392
22072751
3129437
25673844
25637629
20149875
23220127
23764881
19023132
9312152
7592856
24678451
23708658
17906618
19276113
25847540
26389970
25527407
25527291
16980613
15623513
18339811
18451027
19592459
26414765
22590567
9233798
9008161
10531036
12133942
9790917
8547634
12417592
21838752
25437921
18516069
22659163
24309376
24489825
21172654
25775124
19671192
20016069
23345399
24151075
18550549
24585778
12044157
17010989
12551921
24466001
15134451
22972900
24116014
19366211
3112151
10652353
10436159
9821957
23260667
25888627
22262180
23653351
17959595
18776186
12556467
18614237
18950637
9931297
20730097
15073328
17209043
19336000
23814058
15126506
1646483
9770464
7608156
8065343
1655749
9671480
17482756
14645242
11943866
16982607
20940030
20937381
15096628
12421349
19801645
7901013
11359875
19451221
16595687
12244302
12244303
12244301
20032513
20946871
18832449
23868405
24637012
9069286
9808459
12441055
25658096
22580824
25786116
19843922
15833848
15849194
11733498
20729856
19567405
11052978
15371448
18303014
17276402
19176702
2900140
21562054
16354700
16137758
10656688
18417471
16387847
26355458
22952227
24695785
20870937
20309604
23250758
25805502
16923960
18622263
11683914
22033923
20185790
18387606
18802114
15572695
19897490
15734732
18467642
15657435
20229611
20216230
20806931
19808663
18535259
16485034
18038766
18694732
17303575
17698617
9130707
24303080
19525936
17711846
21329882
24309468
20734105
16009940
24489676
20110348
26344095
26344096
8414969
8600455
20739275
19118383
12244060
9108423
1998697
25100726
22017877
22017876
22017875
19860830
21084295
9813144
17435750
21678031
18546284
19285963
24466128
22198567
23922830
19797085
21695114
24150942
14657349
11877377
16087684
21242293
24196442
25368379
21705319
23653357
15775976
16908529
22592045
12649176
24687855
12186630
19103741
20406977
17189255
8245003
8325881
11415983
10913145
8325880
15468306
19423708
18519686
21864706
23592782
7537382
15082796
12819209
18048416
20173098
21558276
7929371
8499466
11585904
18312413
26361762
23587601
26193369
11447121
25380824
8940068
16568235
23386620
24405853
17595531
24662565
21701785
17311912
15475455
15153524
18055457
18305217
18079698
15327777
15870257
16189514
23729730
15766557
15201144
12441002
21440620
16513649
23032722
22451268
21493704
12194871
24920628
18701070
16319926
24036102
20179142
23699529
23264624
18381233
18463244
22789851
23616546
23142606
18455988
9529381
14604990
18184567
9659915
19933840
21282462
17592139
12446764
24806451
24180586
16922515
22080836
17376973
19491292
16530049
18573880
25084196
25681442
20039424
19470758
21818404
9029142
11283607
19036714
8702756
12185584
17761936
23455152
15604283
10660524
25725289
22412986
15107016
8837778
16203728
16714539
24236056
12049736
8026468
20335174
7679104
16123311
6328316
11741929
15471854
16507569
10608883
15274135
16256741
16466689
23006999
21078675
16094730
23157718
23712688
22865879
16785995
18957027
1730670
15581903
1332886
17697330
21131586
17351657
24421331
12367505
20736484
21423207
18720982
19597476
14749215
17052767
18950704
21245386
18212344
18477563
25675293
17974989
23950959
10383393
16674116
21989268
11912188
18165232
19200342
23129261
19927120
12482967
21228273
15465812
25937278
26001218
23716691
15302918
11741534
17079228
15975931
20571032
12881487
17895247
17613530
20589935
20933426
15806160
9174053
8132598
8095261
21873423
19858220
10433268
21911611
16449802
20118921
14597575
17664272
20454918
18495817
22394407
17537801
22117070
15082708
11894095
17891140
21952826
22142843
16870138
26569106
18478076
19635817
12682012
12093291
20622854
23518351
26188042
14671306
11504915
19756449
20657550
11983168
17226766
21402876
26051540
23063527
14657015
18510355
22411829
15178447
20230531
2541433
25666616
19416806
22855535
15580268
8391085
12399457
21969607
11438664
23677256
9389649
23564461
20519438
22946057
7798261
9822605
9032261
8994827
12400014
15208321
11980664
9765311
11015200
3693353
3906654
8824319
10545207
16467138
18158786
22798526
18950621
21251911
23542175
15684660
22494971
9264402
17540176
21364664
21997190
26256210
24225947
14990995
18206970
9461343
26242913
24559171
22467876
19638411
25267645
19180539
15616592
16230352
7890757
3479429
24204982
7615564
15923181
16820362
11134074
11487585
19706536
7624324
9733512
12860119
26041775
16959610
20649491
8810315
8132675
2823384
2850835
15326477
15252116
22885699
12433373
20875789
15766329
26369929
19270731
16629900
18983824
16990256
18653473
24073199
16997882
24282534
26499837
7983050
17024653
15831477
18048340
12578970
17189248
17463002
11121037
12644574
23055517
16007120
11864573
11546794
9516479
9694850
9778532
10562284
19812310
15242332
12458200
14762106
18157161
20686800
21576356
20926660
10456332
7755592
15590641
1722402
7493936
7685187
12601176
11290752
11983166
7836475
10944231
8417150
2022671
12821674
15294163
12917685
1469047
9252412
2492524
3021730
21159948
14757045
15632197
9744883
12714746
21289285
10199825
22863277
2303462
19386264
24038446
11741882
11859412
19829383
25882844
1429884
21679093
15345777
19218832
15765097
18830406
12384981
11909874
21907143
17075052
22281395
15861136
15206906
23612963
8663044
21824916
18794154
11335727
9685505
12414794
20154735
11726515
9566916
17488717
12887892
8505339
17237768
25326418
18836453
16186825
10837071
15691841
10094049
15327770
16260493
19594441
19607706
1694173
18480047
17015452
1532572
21460634
26052940
1939094
12551973
7578274
11737269
10764745
15075332
8294430
10871856
7513258
20726546
7961992
9444958
12766170
7838524
9391119
20016000
10490849
12475979
10506185
18836480
9242692
9826708
8906793
11064459
7731718
7687741
11741535
21777671
8547236
16415345
15207250
23275441
17565987
9476896
9419215
6279643
10845904
19544470
11483597
24089522
19560418
19740755
20418909
20855292
21791615
19406749
24574051
22020298
23184933
20501938
16287866
17466630
15703181
12097332
15725726
11486016
22509028
24662513
18079404
20457598
19901026
22137580
18079403
19450536
25561469
14628042
17487459
15883030
21454787
19816407
23756813
10642499
23382195
19584320
21205641
21988832
12063245
24361130
11742978
9003778
10734227
12514174
16122426
11583622
12808105
12953056
16728640
10591186
15684041
9712030
16841086
20005895
17617578
18555270
15537652
12805238
15308689
14583461
18626516
14647465
16144838
17006539
19295174
12574114
24828496
16352746
18445599
16380433
16239475
18606998
18495742
20610737
14521924
18234856
20069457
14729613
10428810
7896780
23108398
18374649
20335173
22265677
19661060
11350745
19059439
18194441
10764762
12907171
10366608
17185372
17293448
11584018
16574653
11062529
16510869
12930972
19176382
21460185
21350015
22174419
16757566
20072711
10725339
10770944
25154416
18423203
9856994
12719431
22978324
21368195
8384211
22653970
10488078
9230439
24302721
19909740
17546042
20194790
10629029
11054421
16774833
18259689
24379415
22147898
10209029
19275932
20417104
15851033
7504297
11252893
11342557
12930845
15082798
1717999
19836308
12058027
24872409
25948511
25148682
20966048
18803695
16280325
17379183
12841360
26183396
26375055
17359287
25012651
15145941
12571245
22401586
23990466
20368358
25670854
18574241
7588608
25688093
19386263
20169205
22493283
19276368
20019839
18722121
10748018
11964068
21059642
18003885
9374536
9456324
15717326
10358196
1756717
16371510
7592688
10051408
11707406
11438522
12682077
10816555
9032264
10851017
14623863
15313190
10207045
14636580
25753203
25925668
23431171
15569154
16740633
23979140
22829599
25723571
23308265
8615792
7559487
12646569
26490262
15383283
15808510
7727389
15636585
8262977
15263083
16424901
19761816
15494497
24817122
24412271
23957209
23322165
19948736
10713049
21321125
18507016
17562708
21204788
7706316
20122401
2530225
18710826
18434387
10710543
21878491
24450286
10206975
2261989
12604245
22247259
12501243
11390470
15751964
11482905
19625660
2457390
15322105
20815813
14654845
21665150
21536732
8491187
18162466
11263724
8294452
11284700
3128170
7891109
2562806
15213298
12730099
12423237
9453548
10421840
10187783
1321150
8683601
16319223
2176601
10067969
11007882
8380626
12890670
9716136
11517239
9366262
8900209
8383119
7938004
9268695
20713600
12134069
16495313
22421968
23434374
25733715
19622798
18406329
16682447
20832725
22310283
9867848
11850617
17615294
9344615
11883949
14559241
18708154
10579722
23213108
26334100
12740219
10233893
18984162
21908715
15710622
12429016
17567956
14592950
17408635
12571246
15567063
26212012
24168723
17087515
2176822
10653665
18195017
18806760
18583991
15002035
14600263
11485996
12730201
10196226
18790732
22731613
25446653
19850943
12133854
22794279
15829720
26443497
16185088
15851689
12588998
16616104
20160131
22748923
18541364
22633971
17069754
26492563
10844023
9930733
21808241
20466877
19010321
11297552
11115400
22864569
22388891
20513428
18604201
18458086
17535800
8152805
12801936
10576742
11447113
8321321
11971957
11713246
3461469
15471950
17360704
15358595
14660640
11502742
12804768
17991736
17016520
16393971
19659461
12130654
8250835
14657655
2466636
23408424
3223964
9211847
12809553
8973564
17676930
9840943
19740771
16914735
20940406
11909964
26507661
17554339
11579209
11287630
16293724
25047048
24037441
20208568
8918464
21147854
21620836
16301825
10191262
19851285
20009512
23850489
25481872
20023648
9697773
16357133
17395426
7782287
11092882
26483203
25104357
25404640
22289032
17065338
25237928
25053415
11485553
25243911
17474719
23138570
25257871
26506913
26497997
23685455
25995437
24148194
11486000
17957032
24858472
26378042
21680880
19081061
16443603
19451179
12514131
10660600
11574071
18242179
11790768
10400664
14644048
20433953
18291624
22665060
23095642
26318036
10727406
15328343
11053428
17276500
8702571
9875215
10487978
10937878
16864798
7809103
25661488
26013827
16972941
16537363
17419683
8910394
14668344
9271428
7637391
19805577
19428336
1850098
12177062
11729179
18535204
11313698
15604256
17018282
17412694
17384675
20861316
12408982
11113114
12606549
14680817
10559254
19631450
15340048
12606058
15516694
17201186
23201127
21880142
20806969
23624152
24954506
12874121
16987243
17078951
25918155
21828286
20394726
20550628
20308788
12387894
15249677
18052981
24073234
15190058
18315566
9832145
19659459
9660947
15959850
1421571
1730702
10818102
8910372
17461779
12832492
11062248
16928771
25258321
16806848
25794620
24239288
20861310
15281913
7929060
10585869
10347225
8868471
10441130
10567342
21059648
15374885
14676825
25028520
15558029
26027929
24704446
23140583
17022975
11782429
20477901
10944120
22932896
18392847
17645868
10523317
12887926
16229809
17875639
11408476
9390557
9267021
20118234
19927127
22148433
8893032
21262972
26255772
15310280
25972993
26289129
12410316
11535620
8657310
14532002
2176510
1323140
23994618
7477354
14597674
9330863
8559144
12377772
21690388
19482358
15465029
20444422
7760048
18477627
11733534
11114882
16371512
16495336
18779327
19029953
2555220
8386634
2176079
24265311
21900644
17984321
15187149
12368905
8772201
11399775
14517206
19332537
15896785
14707121
16892082
21619873
16490346
16495456
15505410
25342745
17936702
21397856
12150926
12023960
9659899
10769027
11557734
4522294
6934518
6893940
18652815
20093626
20705915
21871867
24778429
25005230
19484123
25329897
9036972
16368886
17589498
21135139
10660596
16954377
10400622
16449638
18992153
23552949
9442023
15339926
19241470
15148686
11723829
2550450
8034752
11084020
1848864
8396888
8388074
23166321
10708953
19509293
7691235
16495481
21540023
20457810
11043579
11811553
17160712
14581476
21397842
12509413
15479689
16319062
10958661
11207625
16513653
10512755
15489856
10497169
19106159
20083481
10693759
21812759
15514971
18957424
16530787
12485399
20010802
19363302
19549685
16403949
18059182
16680165
17312387
23088536
12065290
2548498
18676376
11030334
8706666
16039992
16885213
1465133
8870665
15331607
19573017
10913113
16944923
12788074
8617805
19666503
19305393
17089004
18215135
12145285
12441334
10660611
9573010
12027890
10579919
11443118
15199065
23228564
19945390
14701797
18165312
23396314
14530373
7647976
11773063
12899627
16411781
15635449
15823563
15692146
12565884
9111052
10422787
9313952
23690594
9880084
9722565
9832121
8824284
9770544
9487987
10342886
24169554
9892621
15525639
8702798
15623572
15465011
12421602
12242085
17337079
7588285
11023820
11033437
14722252
12024206
12054613
15772293
9660793
15367576
14522968
24615237
8791009
17942747
17452338
19638591
12714592
16500002
16107333
20956518
10601261
17951249
11850634
15163697
17001303
8386608
12581877
14976213
17208301
11163236
11691834
16492764
10572088
17967891
10072375
15238362
20639872
11564708
1319186
11278895
10679011
11779480
9892355
20100911
18838535
11265251
7553862
22891299
11094085
18511292
8051173
8811196
17549790
10669729
15935109
14614461
15537572
11063743
9727492
20436477
21295084
11753562
11452314
20194507
12469119
24078636
22437941
17996703
12598531
19254476
17039247
11418623
10894171
11294841
10783161
24294527
11373293
14960583
23070005
12045258
20385750
16497732
15471871
17035528
15149596
12941633
19017809
18469862
8132497
12191473
16816121
12530964
18043734
12702667
15895247
10675337
12150997
12038972
11875078
21454478
12656673
10477277
16625199
18842587
10023679
17636032
15386022
12183364
20413611
20027618
12128206
20081189
11980846
12642482
18410486
9195926
9878069
10900017
18206973
19202061
20002496
19015238
21368136
19631370
10433269
19590578
7623815
16055714
17030617
9560253
19927124
18469533
15618519
9811851
14556242
21242305
15317757
20096650
11208115
19460345
12419246
12824186
11964399
23274085
7736595
9325340
19136941
9571195
9743338
12421830
15254021
19124016
15782174
11093753
19111069
19308066
18469519
22872643
21478858
16622416
8524397
17652154
15568017
22944199
14749727
16417584
12114545
18294929
11880203
24801505
10594015
8943213
20161795
17237231
14966190
10523646
19786495
9582372
12909625
17707232
11509627
20164195
22081607
9525886
16140393
16600869
9889149
8087843
7559535
1321498
23229552
3013161
1311408
10228153
20116377
16618798
10623575
19696745
15494305
24140340
23451179
19000841
22318632
22309736
10201374
11564735
16174865
16647304
15645143
15614771
12522139
11346656
15380241
11172728
15920166
17140400
18353705
1105653
11056535
12654920
22307522
7961622
12809519
9685391
10707983
12145319
12642498
21734298
17178827
11431472
17331196
11137996
20562918
15660259
15184896
8999968
7993624
10692440
10844004
8559250
9698305
18001824
19797077
12123608
19342239
16603733
16469785
17005264
16481439
16206170
17567809
19505873
8314870
19144824
22575959
19906718
14757642
15358736
15846349
18212062
7621818
11086001
11414770
10984509
15793576
10845107
15528197
